race_code,round,dem,rep,other,exhausted,eliminated
AK-GOV,1,40.93,51.07,8.0,0.0,
AK-GOV,2,44.29,54.11,0.0,1.6,Other
AK-SEN,1,43.99,48.01,8.0,0.0,
AK-SEN,2,47.35,51.05,0.0,1.6,Other
ME-SEN,1,46.58,48.42,5.0,0.0,
ME-SEN,2,48.68,50.32,0.0,1.0,Other
AK-01,1,41.14,50.86,8.0,0.0,
AK-01,2,44.74,53.66,0.0,1.6,Other
ME-01,1,61.21,33.79,5.0,0.0,
ME-01,2,63.31,35.69,0.0,1.0,Other
ME-02,1,43.35,51.65,5.0,0.0,
ME-02,2,45.45,53.55,0.0,1.0,Other
