race_code,round,dem,rep,other,exhausted,eliminated
AK-GOV,1,40.93,51.07,8.0,0.0,
AK-GOV,2,44.29,54.11,0.0,1.6,Other
AK-SEN,1,43.97,48.03,8.0,0.0,
AK-SEN,2,47.33,51.07,0.0,1.6,Other
ME-SEN,1,46.49,48.51,5.0,0.0,
ME-SEN,2,48.59,50.41,0.0,1.0,Other
AK-01,1,41.25,50.75,8.0,0.0,
AK-01,2,44.85,53.55,0.0,1.6,Other
ME-01,1,60.39,34.61,5.0,0.0,
ME-01,2,62.49,36.51,0.0,1.0,Other
ME-02,1,44.69,50.31,5.0,0.0,
ME-02,2,46.79,52.21,0.0,1.0,Other
