race_code,round,dem,rep,other,exhausted,eliminated
AK-GOV,1,43.69,48.31,8.0,0.0,
AK-GOV,2,47.05,51.35,0.0,1.6,Other
AK-SEN,1,45.0,47.0,8.0,0.0,
AK-SEN,2,48.36,50.04,0.0,1.6,Other
ME-SEN,1,46.88,48.12,5.0,0.0,
ME-SEN,2,48.98,50.02,0.0,1.0,Other
AK-01,1,45.27,46.73,8.0,0.0,
AK-01,2,48.63,49.77,0.0,1.6,Other
ME-01,1,61.04,33.96,5.0,0.0,
ME-01,2,63.14,35.86,0.0,1.0,Other
ME-02,1,49.58,45.42,5.0,0.0,
ME-02,2,51.68,47.32,0.0,1.0,Other
