race_code,round,dem,rep,other,exhausted,eliminated
AK-GOV,1,42.99,49.01,8.0,0.0,
AK-GOV,2,46.35,52.05,0.0,1.6,Other
AK-SEN,1,44.91,47.09,8.0,0.0,
AK-SEN,2,48.27,50.13,0.0,1.6,Other
ME-SEN,1,47.09,47.91,5.0,0.0,
ME-SEN,2,49.19,49.81,0.0,1.0,Other
AK-01,1,43.62,48.38,8.0,0.0,
AK-01,2,46.98,51.42,0.0,1.6,Other
ME-01,1,60.73,34.27,5.0,0.0,
ME-01,2,62.83,36.17,0.0,1.0,Other
ME-02,1,48.83,46.17,5.0,0.0,
ME-02,2,50.93,48.07,0.0,1.0,Other
