race_code,round,dem,rep,other,exhausted,eliminated
AK-GOV,1,41.55,50.45,8.0,0.0,
AK-GOV,2,44.91,53.49,0.0,1.6,Other
AK-SEN,1,45.06,46.94,8.0,0.0,
AK-SEN,2,48.42,49.98,0.0,1.6,Other
ME-SEN,1,47.94,47.06,5.0,0.0,
ME-SEN,2,50.04,48.96,0.0,1.0,Other
AK-01,1,41.94,50.06,8.0,0.0,
AK-01,2,45.54,52.86,0.0,1.6,Other
ME-01,1,61.46,33.54,5.0,0.0,
ME-01,2,63.56,35.44,0.0,1.0,Other
ME-02,1,45.58,49.42,5.0,0.0,
ME-02,2,47.68,51.32,0.0,1.0,Other
