race_code,round,dem,rep,other,exhausted,eliminated
AK-GOV,1,42.99,49.01,8.0,0.0,
AK-GOV,2,46.35,52.05,0.0,1.6,Other
AK-SEN,1,44.93,47.07,8.0,0.0,
AK-SEN,2,48.29,50.11,0.0,1.6,Other
ME-SEN,1,47.09,47.91,5.0,0.0,
ME-SEN,2,49.19,49.81,0.0,1.0,Other
AK-01,1,43.67,48.33,8.0,0.0,
AK-01,2,47.03,51.37,0.0,1.6,Other
ME-01,1,60.68,34.32,5.0,0.0,
ME-01,2,62.78,36.22,0.0,1.0,Other
ME-02,1,48.79,46.21,5.0,0.0,
ME-02,2,50.89,48.11,0.0,1.0,Other
