race_code,round,dem,rep,other,exhausted,eliminated
AK-GOV,1,43.76,48.24,8.0,0.0,
AK-GOV,2,47.12,51.28,0.0,1.6,Other
AK-SEN,1,45.82,46.18,8.0,0.0,
AK-SEN,2,49.18,49.22,0.0,1.6,Other
ME-SEN,1,47.93,47.07,5.0,0.0,
ME-SEN,2,50.03,48.97,0.0,1.0,Other
AK-01,1,44.65,47.35,8.0,0.0,
AK-01,2,48.01,50.39,0.0,1.6,Other
ME-01,1,61.92,33.08,5.0,0.0,
ME-01,2,64.02,34.98,0.0,1.0,Other
ME-02,1,49.79,45.21,5.0,0.0,
ME-02,2,51.89,47.11,0.0,1.0,Other
