race_code,round,dem,rep,other,exhausted,eliminated
AK-GOV,1,41.54,50.46,8.0,0.0,
AK-GOV,2,44.9,53.5,0.0,1.6,Other
AK-SEN,1,45.15,46.85,8.0,0.0,
AK-SEN,2,48.51,49.89,0.0,1.6,Other
ME-SEN,1,48.01,46.99,5.0,0.0,
ME-SEN,2,50.11,48.89,0.0,1.0,Other
AK-01,1,42.01,49.99,8.0,0.0,
AK-01,2,45.61,52.79,0.0,1.6,Other
ME-01,1,62.24,32.76,5.0,0.0,
ME-01,2,64.34,34.66,0.0,1.0,Other
ME-02,1,44.54,50.46,5.0,0.0,
ME-02,2,46.64,52.36,0.0,1.0,Other
