race_code,round,dem,rep,other,exhausted,eliminated
AK-GOV,1,42.99,49.01,8.0,0.0,
AK-GOV,2,46.35,52.05,0.0,1.6,Other
AK-SEN,1,44.98,47.02,8.0,0.0,
AK-SEN,2,48.34,50.06,0.0,1.6,Other
ME-SEN,1,47.09,47.91,5.0,0.0,
ME-SEN,2,49.19,49.81,0.0,1.0,Other
AK-01,1,43.68,48.32,8.0,0.0,
AK-01,2,47.04,51.36,0.0,1.6,Other
ME-01,1,60.65,34.35,5.0,0.0,
ME-01,2,62.75,36.25,0.0,1.0,Other
ME-02,1,48.77,46.23,5.0,0.0,
ME-02,2,50.87,48.13,0.0,1.0,Other
