race_code,round,dem,rep,other,exhausted,eliminated
AK-GOV,1,41.55,50.45,8.0,0.0,
AK-GOV,2,44.91,53.49,0.0,1.6,Other
AK-SEN,1,45.08,46.92,8.0,0.0,
AK-SEN,2,48.44,49.96,0.0,1.6,Other
ME-SEN,1,47.94,47.06,5.0,0.0,
ME-SEN,2,50.04,48.96,0.0,1.0,Other
AK-01,1,41.98,50.02,8.0,0.0,
AK-01,2,45.58,52.82,0.0,1.6,Other
ME-01,1,61.39,33.61,5.0,0.0,
ME-01,2,63.49,35.51,0.0,1.0,Other
ME-02,1,45.52,49.48,5.0,0.0,
ME-02,2,47.62,51.38,0.0,1.0,Other
