race_code,round,dem,rep,other,exhausted,eliminated
AK-GOV,1,41.54,50.46,8.0,0.0,
AK-GOV,2,44.9,53.5,0.0,1.6,Other
AK-SEN,1,45.04,46.96,8.0,0.0,
AK-SEN,2,48.4,50.0,0.0,1.6,Other
ME-SEN,1,47.94,47.06,5.0,0.0,
ME-SEN,2,50.04,48.96,0.0,1.0,Other
AK-01,1,41.94,50.06,8.0,0.0,
AK-01,2,45.54,52.86,0.0,1.6,Other
ME-01,1,61.5,33.5,5.0,0.0,
ME-01,2,63.6,35.4,0.0,1.0,Other
ME-02,1,45.62,49.38,5.0,0.0,
ME-02,2,47.72,51.28,0.0,1.0,Other
