race_code,round,dem,rep,other,exhausted,eliminated
AK-GOV,1,41.53,50.47,8.0,0.0,
AK-GOV,2,44.89,53.51,0.0,1.6,Other
AK-SEN,1,45.12,46.88,8.0,0.0,
AK-SEN,2,48.48,49.92,0.0,1.6,Other
ME-SEN,1,48.0,47.0,5.0,0.0,
ME-SEN,2,50.1,48.9,0.0,1.0,Other
AK-01,1,41.97,50.03,8.0,0.0,
AK-01,2,45.57,52.83,0.0,1.6,Other
ME-01,1,62.26,32.74,5.0,0.0,
ME-01,2,64.36,34.64,0.0,1.0,Other
ME-02,1,45.23,49.77,5.0,0.0,
ME-02,2,47.33,51.67,0.0,1.0,Other
