race_code,round,dem,rep,other,exhausted,eliminated
AK-GOV,1,42.99,49.01,8.0,0.0,
AK-GOV,2,46.35,52.05,0.0,1.6,Other
AK-SEN,1,44.99,47.01,8.0,0.0,
AK-SEN,2,48.35,50.05,0.0,1.6,Other
ME-SEN,1,47.09,47.91,5.0,0.0,
ME-SEN,2,49.19,49.81,0.0,1.0,Other
AK-01,1,43.67,48.33,8.0,0.0,
AK-01,2,47.03,51.37,0.0,1.6,Other
ME-01,1,60.66,34.34,5.0,0.0,
ME-01,2,62.76,36.24,0.0,1.0,Other
ME-02,1,48.78,46.22,5.0,0.0,
ME-02,2,50.88,48.12,0.0,1.0,Other
