race_code,round,dem,rep,other,exhausted,eliminated
AK-GOV,1,43.76,48.24,8.0,0.0,
AK-GOV,2,47.12,51.28,0.0,1.6,Other
AK-SEN,1,45.78,46.22,8.0,0.0,
AK-SEN,2,49.14,49.26,0.0,1.6,Other
ME-SEN,1,47.93,47.07,5.0,0.0,
ME-SEN,2,50.03,48.97,0.0,1.0,Other
AK-01,1,44.7,47.3,8.0,0.0,
AK-01,2,48.06,50.34,0.0,1.6,Other
ME-01,1,61.91,33.09,5.0,0.0,
ME-01,2,64.01,34.99,0.0,1.0,Other
ME-02,1,49.78,45.22,5.0,0.0,
ME-02,2,51.88,47.12,0.0,1.0,Other
