code,level,state,partisan_lean,gcb,environment,demo_env_adj,pres_2024_margin,trump_approve,trump_disapprove,trump_net,demo_approval_adj,white_pct,black_pct,hispanic_pct,asian_pct,native_pct,pacific_pct
AK-01,district,AK,-13.18,3.71,-10.53,-1.06,-13.8,46.2,50.2,-4.1,0.5,61.0,4.2,6.0,7.8,18.9,2.0
AL-01,district,AL,-34.82,3.71,-31.67,-0.56,-36.34,56.3,40.1,16.2,2.5,67.1,24.7,3.3,1.9,2.9,0.1
AL-02,district,AL,-13.03,3.71,-9.6,-0.28,-14.46,47.2,49.2,-2.0,2.7,52.3,39.8,3.7,2.2,1.9,0.2
AL-03,district,AL,-45.58,3.71,-42.48,-0.61,-47.04,60.9,35.5,25.3,2.4,71.7,20.7,3.1,2.1,2.3,0.1
AL-04,district,AL,-65.77,3.71,-62.73,-0.67,-66.99,69.1,27.3,41.9,1.8,82.7,7.2,6.1,0.8,3.1,0.1
AL-05,district,AL,-29.24,3.71,-26.09,-0.56,-29.51,53.7,42.7,11.0,2.0,70.1,18.3,5.3,2.5,3.6,0.2
AL-06,district,AL,-34.75,3.71,-31.59,-0.54,-34.79,56.2,40.3,15.9,2.2,71.7,19.3,4.7,2.2,2.1,0.1
AL-07,district,AL,19.36,3.71,22.95,-0.12,17.99,33.6,62.9,-29.3,3.0,42.5,50.5,3.6,1.7,1.6,0.1
AR-01,district,AR,-44.65,3.71,-41.62,-0.68,-46.4,60.5,35.9,24.5,2.4,76.0,16.9,3.1,1.0,2.8,0.2
AR-02,district,AR,-15.42,3.71,-12.23,-0.52,-16.22,47.9,48.5,-0.6,2.1,69.1,20.3,5.1,2.3,3.0,0.1
AR-03,district,AR,-25.59,3.71,-22.22,-0.34,-25.81,51.3,45.1,6.2,0.2,71.5,3.6,13.9,4.2,5.6,1.3
AR-04,district,AR,-39.02,3.71,-35.8,-0.49,-40.73,57.9,38.5,19.4,2.0,69.7,19.8,6.0,1.1,3.3,0.2
AZ-01,district,AZ,-2.22,3.71,1.19,-0.3,-3.14,41.4,55.0,-13.6,0.3,73.4,4.0,13.8,5.5,3.1,0.3
AZ-02,district,AZ,-13.44,3.71,-10.4,-0.67,-15.12,45.9,50.5,-4.7,-0.3,59.7,2.7,14.6,2.0,20.7,0.3
AZ-03,district,AZ,43.26,3.71,49.07,2.1,40.31,19.2,77.2,-58.0,-5.5,23.0,11.5,56.4,3.7,5.0,0.4
AZ-04,district,AZ,7.35,3.71,11.27,0.21,6.76,36.6,59.8,-23.2,-1.1,58.6,6.5,22.8,7.2,4.3,0.6
AZ-05,district,AZ,-19.54,3.71,-16.03,-0.2,-20.19,48.6,47.8,0.8,0.0,70.0,4.5,15.3,7.2,2.5,0.5
AZ-06,district,AZ,-0.62,3.71,3.2,0.11,-0.76,40.2,56.2,-15.9,-0.6,66.6,4.3,21.1,4.3,3.2,0.5
AZ-07,district,AZ,25.31,3.71,30.88,1.86,22.39,26.9,69.5,-42.6,-5.2,32.1,4.8,54.1,2.9,5.7,0.4
AZ-08,district,AZ,-16.0,3.71,-12.34,-0.05,-16.48,47.0,49.4,-2.5,-0.2,68.2,5.3,18.0,5.3,2.9,0.4
AZ-09,district,AZ,-30.21,3.71,-26.15,0.35,-31.34,52.5,43.9,8.7,-1.2,61.6,5.2,25.5,3.4,3.7,0.5
CA-01,district,CA,13.97,3.71,17.79,0.11,12.63,33.8,62.6,-28.7,-1.0,63.8,2.5,22.6,4.8,5.5,0.7
CA-02,district,CA,26.43,3.71,29.71,-0.42,25.45,29.2,67.2,-38.0,0.3,72.6,2.5,13.0,5.5,5.8,0.6
CA-03,district,CA,11.4,3.71,14.98,-0.13,10.55,35.2,61.2,-26.0,-0.5,60.3,6.6,16.3,12.4,3.4,1.1
CA-04,district,CA,16.77,3.71,20.87,0.39,14.96,32.2,64.3,-32.1,-2.0,53.7,3.1,27.0,11.4,4.0,0.7
CA-05,district,CA,-19.75,3.71,-15.76,0.28,-21.2,47.9,48.5,-0.6,-1.5,58.5,3.2,25.1,7.6,4.7,0.9
CA-06,district,CA,9.83,3.71,13.6,0.06,8.67,35.6,60.8,-25.2,-1.1,53.3,8.2,19.4,14.1,3.6,1.4
CA-07,district,CA,15.12,3.71,18.96,0.13,13.26,33.0,63.4,-30.4,-1.7,42.8,9.9,20.2,21.9,3.3,1.9
CA-08,district,CA,37.61,3.71,41.91,0.58,35.19,23.1,73.3,-50.2,-2.4,32.4,15.1,27.1,20.5,3.4,1.4
CA-09,district,CA,15.48,3.71,20.06,0.87,11.8,32.0,64.4,-32.4,-3.4,28.0,12.6,33.1,21.2,3.6,1.5
CA-10,district,CA,36.05,3.71,39.68,-0.07,34.75,24.3,72.1,-47.8,-1.4,52.0,5.0,17.7,22.1,2.3,0.9
CA-11,district,CA,72.6,3.71,76.0,-0.31,70.62,8.7,87.7,-79.0,-1.5,44.1,6.5,13.0,33.8,1.9,0.7
CA-12,district,CA,79.37,3.71,83.34,0.26,77.64,5.7,90.7,-85.0,-1.7,34.2,17.5,20.6,23.9,3.0,0.9
CA-13,district,CA,4.96,3.71,10.75,2.08,0.51,35.1,61.3,-26.2,-6.2,23.3,4.6,57.9,8.5,4.9,0.8
CA-14,district,CA,39.07,3.71,42.9,0.12,36.2,22.0,74.4,-52.3,-3.3,26.4,5.8,21.2,42.5,2.4,1.8
CA-15,district,CA,52.23,3.71,56.19,0.26,49.64,16.4,80.1,-63.7,-3.5,29.6,3.6,24.2,38.8,2.1,1.7
CA-16,district,CA,51.53,3.71,55.14,-0.1,49.91,17.3,79.1,-61.7,-2.1,44.7,2.7,17.9,32.0,2.0,0.7
CA-17,district,CA,43.61,3.71,47.07,-0.25,40.75,20.0,76.4,-56.4,-3.5,23.0,2.8,15.6,56.2,1.7,0.8
CA-18,district,CA,33.3,3.71,39.09,2.08,29.37,22.9,73.5,-50.6,-6.5,21.0,2.8,58.3,12.6,4.6,0.7
CA-19,district,CA,37.22,3.71,41.03,0.1,35.64,23.5,72.9,-49.3,-1.9,50.8,3.2,21.6,20.6,3.0,0.8
CA-20,district,CA,-31.84,3.71,-27.39,0.73,-32.98,52.5,43.9,8.6,-2.6,50.4,4.1,33.2,7.5,4.4,0.5
CA-21,district,CA,9.94,3.71,15.73,2.08,6.17,33.0,63.4,-30.4,-6.2,21.9,5.6,57.5,10.5,4.2,0.4
CA-22,district,CA,2.96,3.71,9.32,2.65,-1.86,35.4,61.0,-25.6,-7.2,16.5,5.9,67.5,5.9,3.9,0.3
CA-23,district,CA,-18.3,3.71,-13.52,1.07,-19.9,46.6,49.8,-3.3,-3.0,42.3,9.5,37.7,5.5,4.3,0.7
CA-24,district,CA,26.79,3.71,31.23,0.73,25.76,27.6,68.8,-41.2,-2.6,52.8,2.5,33.2,7.2,3.7,0.5
CA-25,district,CA,8.76,3.71,14.39,1.92,5.97,33.9,62.5,-28.6,-5.3,32.3,4.6,54.6,4.4,3.8,0.4
CA-26,district,CA,17.54,3.71,22.2,0.95,15.73,31.2,65.2,-34.1,-3.3,45.5,3.2,37.1,10.5,3.3,0.5
CA-27,district,CA,12.56,3.71,17.56,1.29,10.06,33.1,63.3,-30.3,-3.8,33.3,11.0,41.1,10.9,3.3,0.5
CA-28,district,CA,28.27,3.71,32.28,0.3,26.17,26.5,70.0,-43.5,-3.6,27.5,4.9,25.1,39.9,2.3,0.4
CA-29,district,CA,39.51,3.71,45.31,2.09,34.71,20.5,75.9,-55.5,-6.1,24.2,5.1,57.5,9.3,3.5,0.3
CA-30,district,CA,43.42,3.71,47.28,0.15,41.41,21.2,75.3,-54.1,-1.4,56.3,4.8,21.7,14.8,2.1,0.3
CA-31,district,CA,16.15,3.71,21.58,1.72,12.61,30.4,66.0,-35.5,-6.0,20.1,4.3,51.2,20.5,3.4,0.4
CA-32,district,CA,28.34,3.71,32.26,0.2,25.76,27.5,68.9,-41.4,-1.5,55.1,5.0,22.5,14.9,2.1,0.4
CA-33,district,CA,14.39,3.71,20.15,2.05,10.12,31.4,65.0,-33.6,-5.6,20.0,11.7,54.9,9.1,3.7,0.6
CA-34,district,CA,57.12,3.71,62.97,2.14,53.04,12.5,83.9,-71.4,-7.0,11.8,5.4,58.8,19.4,4.2,0.3
CA-35,district,CA,12.24,3.71,17.84,1.89,8.0,32.2,64.2,-32.1,-5.9,20.2,7.3,53.3,15.0,3.6,0.6
CA-36,district,CA,41.99,3.71,45.51,-0.19,40.42,22.0,74.4,-52.4,-0.9,57.1,4.8,15.3,20.4,1.8,0.5
CA-37,district,CA,66.13,3.71,71.74,1.9,62.31,10.0,86.4,-76.3,-4.3,14.0,25.5,48.4,8.2,3.6,0.3
CA-38,district,CA,17.13,3.71,22.71,1.87,12.8,29.6,66.9,-37.3,-6.9,14.1,1.7,54.7,26.0,3.2,0.3
CA-39,district,CA,14.09,3.71,19.91,2.11,9.85,31.4,65.0,-33.5,-5.7,21.6,10.0,56.4,7.6,3.7,0.6
CA-40,district,CA,-11.7,3.71,-7.47,0.52,-12.6,44.1,52.3,-8.1,-2.3,49.6,5.3,28.4,13.1,2.8,0.8
CA-41,district,CA,17.83,3.71,23.52,1.98,14.61,29.7,66.7,-37.0,-6.0,23.1,4.7,55.6,12.2,3.7,0.6
CA-42,district,CA,15.25,3.71,19.47,0.51,13.57,32.7,63.7,-31.0,-2.2,47.5,6.7,27.9,14.1,2.9,0.9
CA-43,district,CA,54.96,3.71,60.78,2.11,50.59,14.5,81.9,-67.5,-4.9,7.6,26.3,51.9,10.1,3.4,0.7
CA-44,district,CA,41.6,3.71,47.87,2.57,36.32,19.1,77.4,-58.3,-7.1,8.9,10.6,64.7,10.8,3.9,1.1
CA-45,district,CA,6.76,3.71,11.07,0.6,4.07,35.1,61.3,-26.2,-4.6,21.5,3.1,30.9,41.4,2.3,0.8
CA-46,district,CA,20.26,3.71,26.0,2.03,16.7,28.4,68.0,-39.6,-6.6,19.3,2.6,57.4,16.0,4.1,0.6
CA-47,district,CA,11.79,3.71,15.34,-0.17,10.47,34.4,62.0,-27.6,-1.8,48.9,2.7,16.6,29.7,1.6,0.5
CA-48,district,CA,4.15,3.71,8.72,0.86,3.52,37.1,59.4,-22.3,-2.9,46.1,5.1,35.0,9.1,3.9,0.9
CA-49,district,CA,13.11,3.71,16.83,0.01,12.48,34.2,62.3,-28.1,-1.1,59.5,3.2,19.4,14.7,2.3,0.9
CA-50,district,CA,19.36,3.71,22.93,-0.14,18.83,31.5,64.9,-33.3,-1.0,56.9,4.0,16.6,19.5,2.2,0.8
CA-51,district,CA,19.95,3.71,23.98,0.32,18.79,31.1,65.3,-34.2,-1.5,52.8,8.1,23.9,11.3,2.9,1.0
CA-52,district,CA,22.64,3.71,28.36,2.01,18.06,27.6,68.8,-41.2,-6.1,16.8,8.3,55.0,15.7,3.3,1.0
CO-01,district,CO,58.82,3.71,62.87,0.34,57.61,14.8,81.6,-66.8,-1.0,57.7,9.5,24.0,5.1,3.3,0.4
CO-02,district,CO,40.74,3.71,44.05,-0.4,40.92,23.3,73.2,-49.9,0.6,78.8,1.6,12.3,4.8,2.3,0.3
CO-03,district,CO,-9.78,3.71,-5.96,0.11,-9.98,44.1,52.3,-8.3,-0.8,69.5,1.5,22.6,1.4,4.8,0.3
CO-04,district,CO,-19.22,3.71,-15.93,-0.42,-18.71,48.8,47.6,1.2,0.6,78.3,2.5,11.8,4.5,2.7,0.3
CO-05,district,CO,-10.24,3.71,-6.7,-0.17,-9.34,44.7,51.7,-6.9,0.2,68.2,7.6,15.2,4.9,3.4,0.8
CO-06,district,CO,20.85,3.71,24.66,0.1,20.36,31.2,65.2,-34.0,-0.4,58.9,11.2,19.1,7.2,3.0,0.5
CO-07,district,CO,14.76,3.71,18.11,-0.36,15.41,34.2,62.2,-27.9,0.4,77.2,2.0,13.3,4.1,3.2,0.2
CO-08,district,CO,-0.6,3.71,3.87,0.76,-1.88,39.3,57.1,-17.8,-2.5,55.1,2.5,33.9,4.3,3.9,0.3
CT-01,district,CT,24.46,3.71,28.18,0.01,23.27,30.1,66.3,-36.2,0.4,60.2,16.7,15.3,6.2,1.5,0.1
CT-02,district,CT,8.44,3.71,11.56,-0.59,7.86,37.4,59.1,-21.7,1.3,80.5,5.1,7.7,4.4,2.1,0.2
CT-03,district,CT,15.51,3.71,19.14,-0.08,14.34,34.0,62.4,-28.4,0.6,64.1,14.8,14.2,5.3,1.5,0.1
CT-04,district,CT,25.33,3.71,29.25,0.21,23.73,29.4,67.0,-37.7,-0.3,59.4,13.4,19.8,6.1,1.2,0.1
CT-05,district,CT,6.68,3.71,10.43,0.04,5.68,37.4,59.0,-21.5,-0.0,67.4,8.8,18.0,4.2,1.5,0.1
DE-01,district,DE,15.61,3.71,19.04,-0.28,14.84,34.4,62.0,-27.6,1.5,61.9,22.6,8.6,4.8,2.0,0.1
FL-01,district,FL,-36.7,3.71,-33.54,-0.54,-37.53,56.7,39.7,17.0,1.6,72.0,13.5,6.7,4.2,3.2,0.4
FL-02,district,FL,-16.49,3.71,-13.17,-0.4,-18.33,48.3,48.1,0.1,1.9,65.3,23.0,6.4,2.8,2.3,0.2
FL-03,district,FL,-19.45,3.71,-16.01,-0.27,-21.26,49.1,47.3,1.9,1.2,67.6,15.8,10.6,3.9,1.9,0.2
FL-04,district,FL,-10.78,3.71,-7.27,-0.19,-11.96,45.8,50.6,-4.8,1.9,54.9,31.4,7.8,3.6,2.1,0.3
FL-05,district,FL,-20.63,3.71,-17.22,-0.3,-21.69,49.5,46.9,2.6,0.8,67.3,12.8,10.8,7.0,1.8,0.3
FL-06,district,FL,-28.57,3.71,-25.25,-0.38,-30.31,53.1,43.3,9.8,1.3,74.7,11.2,9.8,2.1,2.1,0.2
FL-07,district,FL,-10.92,3.71,-7.11,0.1,-12.62,44.9,51.6,-6.7,-0.2,64.0,10.4,18.8,4.7,1.9,0.2
FL-08,district,FL,-15.06,3.71,-11.5,-0.15,-16.4,47.0,49.5,-2.5,0.5,68.2,10.8,14.2,4.5,2.1,0.2
FL-09,district,FL,-14.81,3.71,-10.08,1.03,-17.93,45.4,51.0,-5.7,-2.4,48.3,10.5,35.7,3.5,1.8,0.2
FL-10,district,FL,26.8,3.71,31.47,0.97,24.29,28.2,68.2,-40.0,-1.4,35.3,27.4,30.0,5.2,1.8,0.3
FL-11,district,FL,-14.37,3.71,-10.49,0.17,-15.84,46.2,50.2,-3.9,-0.3,62.1,10.8,19.9,5.3,1.7,0.2
FL-12,district,FL,-12.99,3.71,-8.87,0.41,-15.55,45.3,51.1,-5.7,-0.9,58.2,10.6,24.5,4.6,1.9,0.2
FL-13,district,FL,-12.0,3.71,-8.72,-0.43,-13.46,45.9,50.5,-4.6,1.0,76.9,6.4,10.3,4.4,1.9,0.2
FL-14,district,FL,-8.79,3.71,-4.58,0.51,-10.62,43.5,52.9,-9.4,-1.1,54.3,13.2,25.6,4.6,2.0,0.2
FL-15,district,FL,-17.66,3.71,-14.0,-0.05,-20.09,48.0,48.4,-0.3,0.5,63.4,14.9,14.8,4.7,1.9,0.2
FL-16,district,FL,-11.67,3.71,-8.16,-0.19,-13.81,45.7,50.7,-5.0,0.9,70.7,12.0,12.9,2.7,1.6,0.1
FL-17,district,FL,-20.19,3.71,-16.85,-0.37,-22.24,49.4,47.0,2.4,1.1,78.3,7.0,11.0,2.1,1.5,0.1
FL-18,district,FL,-15.19,3.71,-10.99,0.48,-17.1,46.4,50.0,-3.6,-0.7,55.5,15.1,24.6,2.5,2.1,0.2
FL-19,district,FL,-28.43,3.71,-24.68,0.04,-30.42,52.3,44.1,8.3,-0.1,72.6,5.1,18.9,2.1,1.2,0.1
FL-20,district,FL,40.58,3.71,45.12,0.83,37.5,23.0,73.4,-50.3,-0.0,30.0,41.9,23.2,3.7,1.1,0.2
FL-21,district,FL,-14.46,3.71,-10.81,-0.06,-16.36,46.7,49.7,-3.0,0.6,67.4,13.1,15.0,2.8,1.5,0.2
FL-22,district,FL,-7.03,3.71,-2.49,0.83,-10.6,42.4,54.0,-11.6,-1.8,49.0,13.6,31.0,4.9,1.3,0.2
FL-23,district,FL,17.41,3.71,21.78,0.66,13.94,32.5,63.9,-31.3,-0.7,46.9,22.8,25.5,2.9,1.6,0.2
FL-24,district,FL,44.37,3.71,49.87,1.78,39.08,20.4,76.0,-55.7,-2.1,11.2,46.0,39.5,2.1,1.1,0.1
FL-25,district,FL,-5.24,3.71,-0.94,0.59,-9.22,41.8,54.6,-12.8,-1.4,59.9,7.5,28.2,3.3,1.0,0.1
FL-26,district,FL,-12.73,3.71,-5.95,3.07,-18.5,41.9,54.5,-12.6,-7.6,12.3,10.4,72.7,3.8,0.7,0.1
FL-27,district,FL,-9.78,3.71,-3.04,3.03,-14.7,40.6,55.8,-15.1,-7.6,16.5,6.9,73.0,2.6,0.8,0.1
FL-28,district,FL,-19.43,3.71,-12.73,3.0,-25.63,44.9,51.5,-6.6,-7.3,15.0,10.1,71.6,2.2,1.1,0.1
GA-01,district,GA,-15.28,3.71,-11.86,-0.3,-15.92,47.8,48.6,-0.8,2.0,60.0,28.0,6.7,3.0,2.0,0.3
GA-02,district,GA,8.57,3.71,12.22,-0.06,7.66,38.0,58.4,-20.4,2.7,42.4,48.9,5.1,1.9,1.5,0.2
GA-03,district,GA,-30.08,3.71,-26.81,-0.45,-29.88,54.1,42.3,11.9,2.1,66.7,23.3,5.3,2.5,2.1,0.1
GA-04,district,GA,54.47,3.71,58.74,0.56,53.04,17.4,79.0,-61.6,0.5,21.3,49.6,16.7,10.4,1.9,0.1
GA-05,district,GA,73.04,3.71,76.89,0.14,72.33,10.3,86.2,-75.9,2.0,33.2,50.4,8.5,6.2,1.5,0.1
GA-06,district,GA,50.2,3.71,54.17,0.26,50.34,19.9,76.5,-56.6,1.9,32.4,51.1,10.5,4.3,1.6,0.1
GA-07,district,GA,-22.22,3.71,-18.97,-0.47,-22.27,50.0,46.4,3.6,0.6,66.8,8.9,9.1,13.2,1.8,0.1
GA-08,district,GA,-30.02,3.71,-26.6,-0.3,-30.76,54.2,42.3,11.9,2.2,60.2,29.9,6.1,2.0,1.6,0.1
GA-09,district,GA,-34.31,3.71,-30.77,-0.17,-34.33,55.1,41.3,13.8,0.4,64.1,12.6,13.6,7.3,2.3,0.1
GA-10,district,GA,-21.15,3.71,-17.82,-0.38,-20.93,50.3,46.1,4.1,2.0,65.1,23.6,6.4,2.8,1.9,0.1
GA-11,district,GA,-23.67,3.71,-20.29,-0.33,-23.52,50.9,45.5,5.3,1.0,69.5,12.8,10.4,4.8,2.4,0.1
GA-12,district,GA,-13.21,3.71,-9.77,-0.27,-14.2,47.2,49.3,-2.1,2.5,54.3,36.5,4.8,2.5,1.7,0.2
GA-13,district,GA,41.87,3.71,45.93,0.35,42.65,23.2,73.2,-50.1,1.3,27.4,50.6,12.4,7.6,1.8,0.2
GA-14,district,GA,-37.49,3.71,-34.15,-0.37,-37.03,56.9,39.5,17.3,1.3,72.8,12.5,10.0,1.9,2.7,0.1
HI-01,district,HI,26.98,3.71,30.11,-0.58,25.17,27.4,69.1,-41.7,-3.0,14.1,2.7,5.8,59.9,1.6,15.8
HI-02,district,HI,24.56,3.71,27.93,-0.35,22.06,28.8,67.6,-38.7,-2.0,26.9,2.0,8.1,36.7,2.5,23.7
IA-01,district,IA,-7.01,3.71,-4.05,-0.75,-8.59,44.2,52.2,-8.0,1.9,86.1,4.7,4.7,2.7,1.6,0.1
IA-02,district,IA,-8.56,3.71,-5.68,-0.83,-10.13,45.0,51.4,-6.4,2.2,88.6,4.8,3.0,1.8,1.5,0.3
IA-03,district,IA,-3.41,3.71,-0.34,-0.64,-4.46,42.5,53.9,-11.4,1.5,82.3,5.2,6.6,4.2,1.6,0.2
IA-04,district,IA,-30.53,3.71,-27.44,-0.62,-31.9,54.0,42.4,11.5,1.4,85.4,2.4,7.6,2.5,1.7,0.5
ID-01,district,ID,-44.68,3.71,-41.54,-0.56,-46.2,59.8,36.6,23.2,1.0,83.1,0.9,9.9,2.1,3.6,0.4
ID-02,district,ID,-26.75,3.71,-23.46,-0.42,-27.56,52.0,44.4,7.6,0.7,80.3,1.4,12.2,2.6,3.0,0.4
IL-01,district,IL,35.49,3.71,39.33,0.13,32.27,26.4,70.0,-43.6,2.4,36.6,51.5,7.8,2.6,1.4,0.1
IL-02,district,IL,35.77,3.71,39.84,0.36,33.6,25.9,70.5,-44.6,1.6,35.8,47.8,13.2,1.3,1.8,0.1
IL-03,district,IL,34.84,3.71,39.83,1.28,31.81,23.6,72.8,-49.2,-3.8,41.3,5.8,42.3,7.1,3.3,0.2
IL-04,district,IL,33.61,3.71,39.55,2.23,28.79,22.9,73.5,-50.5,-6.2,25.0,5.5,60.3,4.5,4.6,0.1
IL-05,district,IL,38.64,3.71,41.9,-0.45,37.55,24.1,72.3,-48.3,0.4,73.0,3.3,10.6,11.7,1.2,0.1
IL-06,district,IL,7.05,3.71,10.41,-0.35,5.67,37.6,58.8,-21.2,0.6,74.4,5.9,11.8,6.5,1.3,0.1
IL-07,district,IL,68.64,3.71,72.65,0.3,66.13,11.6,84.9,-73.3,0.8,32.3,42.4,13.7,10.1,1.5,0.1
IL-08,district,IL,9.34,3.71,13.13,0.08,7.01,35.7,60.7,-25.0,-1.2,57.7,4.7,20.5,15.0,2.1,0.1
IL-09,district,IL,38.75,3.71,42.15,-0.32,37.04,23.9,72.6,-48.7,0.1,61.2,9.6,11.6,15.9,1.5,0.1
IL-10,district,IL,23.46,3.71,27.32,0.15,22.34,29.9,66.5,-36.6,-0.8,61.0,7.1,21.0,8.6,2.2,0.2
IL-11,district,IL,12.54,3.71,16.15,-0.1,11.6,34.9,61.5,-26.7,-0.2,66.3,6.6,16.4,8.9,1.8,0.1
IL-12,district,IL,-43.71,3.71,-40.87,-0.87,-44.13,60.0,36.4,23.6,2.3,88.5,5.6,2.4,1.4,2.0,0.1
IL-13,district,IL,11.02,3.71,14.18,-0.55,10.63,36.6,59.8,-23.2,2.0,67.8,20.3,4.3,5.4,2.1,0.1
IL-14,district,IL,6.84,3.71,10.69,0.14,5.26,37.2,59.2,-22.0,-0.4,62.1,10.1,19.9,5.6,2.2,0.1
IL-15,district,IL,-40.0,3.71,-37.18,-0.9,-40.5,58.4,38.0,20.4,2.3,91.3,3.4,2.4,1.0,1.8,0.1
IL-16,district,IL,-22.73,3.71,-19.77,-0.75,-23.07,50.8,45.6,5.2,1.7,87.6,2.7,5.3,2.5,1.8,0.1
IL-17,district,IL,5.83,3.71,9.18,-0.36,4.81,38.5,57.9,-19.4,1.4,71.8,14.1,9.4,2.6,2.0,0.1
IN-01,district,IN,2.84,3.71,6.53,-0.03,0.4,39.5,56.9,-17.4,0.8,62.9,18.8,14.2,1.8,2.1,0.1
IN-02,district,IN,-25.97,3.71,-22.74,-0.48,-26.92,52.0,44.4,7.6,1.3,79.4,7.2,9.2,1.9,2.2,0.1
IN-03,district,IN,-31.51,3.71,-28.49,-0.69,-31.73,54.6,41.8,12.7,1.8,83.2,6.6,5.5,2.8,1.9,0.1
IN-04,district,IN,-29.97,3.71,-26.96,-0.7,-29.88,53.8,42.6,11.2,1.5,83.3,4.0,5.9,4.3,1.9,0.6
IN-05,district,IN,-17.22,3.71,-14.29,-0.78,-17.13,48.6,47.8,0.7,1.9,83.7,6.7,3.8,3.9,1.8,0.1
IN-06,district,IN,-33.14,3.71,-30.22,-0.79,-33.1,55.3,41.2,14.1,1.7,84.2,4.5,4.2,5.1,1.9,0.1
IN-07,district,IN,42.38,3.71,46.16,0.07,42.16,23.0,73.4,-50.5,1.4,50.0,33.1,12.1,2.7,2.0,0.1
IN-08,district,IN,-35.64,3.71,-32.8,-0.88,-36.49,56.6,39.8,16.7,2.3,89.5,4.7,2.5,1.3,1.8,0.2
IN-09,district,IN,-29.6,3.71,-26.75,-0.86,-30.39,53.9,42.5,11.4,2.0,88.7,3.4,3.3,2.3,2.1,0.1
KS-01,district,KS,-31.58,3.71,-28.22,-0.35,-31.85,54.0,42.4,11.6,0.6,77.4,3.7,13.0,2.5,3.2,0.2
KS-02,district,KS,-19.21,3.71,-15.91,-0.41,-20.06,49.0,47.4,1.6,1.1,73.0,9.8,10.6,2.2,4.1,0.3
KS-03,district,KS,3.85,3.71,7.01,-0.55,4.17,39.2,57.2,-18.0,1.1,78.0,5.4,8.5,5.4,2.5,0.1
KS-04,district,KS,-23.53,3.71,-20.24,-0.42,-23.7,50.7,45.7,5.0,0.8,72.9,7.7,11.1,4.0,4.1,0.2
KY-01,district,KY,-46.75,3.71,-43.85,-0.8,-47.91,61.3,35.1,26.2,2.3,86.0,7.9,3.0,1.0,2.0,0.1
KY-02,district,KY,-40.88,3.71,-37.98,-0.81,-41.93,58.7,37.7,21.0,2.1,85.8,6.3,3.4,2.3,2.1,0.2
KY-03,district,KY,19.91,3.71,23.24,-0.38,19.27,32.7,63.7,-30.9,1.8,65.4,22.0,6.8,3.7,1.9,0.2
KY-04,district,KY,-35.58,3.71,-32.71,-0.84,-36.16,56.5,40.0,16.5,2.1,88.8,4.0,3.4,1.5,2.1,0.2
KY-05,district,KY,-63.42,3.71,-60.7,-0.98,-64.67,68.5,28.0,40.5,2.4,94.3,2.0,1.3,0.5,1.8,0.1
KY-06,district,KY,-14.62,3.71,-11.59,-0.67,-15.31,47.5,49.0,-1.5,1.9,80.9,9.1,5.0,2.8,2.0,0.2
LA-01,district,LA,-39.2,3.71,-35.83,-0.35,-39.08,57.5,38.9,18.7,1.2,70.3,13.3,10.3,3.0,3.0,0.1
LA-02,district,LA,50.05,3.71,53.99,0.23,48.71,20.2,76.2,-56.0,2.4,29.3,57.5,8.2,3.3,1.5,0.1
LA-03,district,LA,-35.51,3.71,-32.21,-0.41,-36.65,56.6,39.8,16.7,2.4,63.9,27.7,4.6,2.0,1.7,0.1
LA-04,district,LA,-33.25,3.71,-29.94,-0.41,-34.59,55.7,40.8,14.9,2.5,61.0,30.3,4.3,1.5,2.6,0.2
LA-05,district,LA,-32.9,3.71,-29.58,-0.39,-34.39,55.6,40.8,14.8,2.7,59.9,33.2,3.6,1.3,2.0,0.1
LA-06,district,LA,-32.23,3.71,-28.89,-0.37,-32.4,55.0,41.4,13.6,2.0,64.6,24.5,6.3,2.7,1.8,0.1
MA-01,district,MA,15.81,3.71,19.4,-0.12,13.91,33.8,62.7,-28.9,0.4,72.5,7.2,15.6,2.7,1.7,0.2
MA-02,district,MA,25.78,3.71,29.04,-0.45,24.29,29.8,66.7,-36.9,0.8,74.4,6.5,9.7,7.8,1.4,0.1
MA-03,district,MA,21.24,3.71,25.03,0.08,19.39,31.0,65.4,-34.4,-0.6,64.2,6.3,19.4,8.5,1.4,0.2
MA-04,district,MA,22.05,3.71,25.04,-0.72,20.13,31.7,64.7,-33.1,1.5,81.8,4.7,5.2,7.3,1.0,0.1
MA-05,district,MA,47.53,3.71,50.79,-0.46,46.35,20.3,76.1,-55.8,0.4,68.7,6.4,9.6,14.2,0.9,0.1
MA-06,district,MA,22.31,3.71,25.52,-0.5,21.09,31.3,65.1,-33.7,1.1,80.0,4.4,9.2,5.3,1.1,0.1
MA-07,district,MA,67.47,3.71,71.5,0.32,65.14,11.4,85.1,-73.7,-0.5,41.7,24.0,19.1,13.7,1.4,0.2
MA-08,district,MA,28.81,3.71,31.96,-0.55,26.99,28.7,67.7,-39.0,1.3,70.0,12.5,6.1,10.4,0.9,0.1
MA-09,district,MA,12.33,3.71,15.31,-0.73,10.94,36.0,60.4,-24.4,1.9,87.2,4.6,5.0,1.7,1.4,0.1
MD-01,district,MD,-17.13,3.71,-14.02,-0.61,-17.31,48.6,47.8,0.8,2.1,74.9,15.5,4.5,3.1,1.9,0.1
MD-02,district,MD,19.11,3.71,22.38,-0.44,18.95,33.1,63.3,-30.2,1.9,62.2,24.3,5.1,6.8,1.6,0.1
MD-03,district,MD,24.34,3.71,27.65,-0.41,24.49,30.5,65.9,-35.4,1.1,60.3,18.3,7.6,11.8,1.8,0.2
MD-04,district,MD,77.68,3.71,82.32,0.93,75.67,7.4,89.0,-81.5,0.3,11.9,58.0,21.3,6.2,2.4,0.2
MD-05,district,MD,34.17,3.71,37.75,-0.13,34.05,26.9,69.5,-42.6,2.3,45.1,42.4,6.0,4.2,2.2,0.2
MD-06,district,MD,6.52,3.71,9.97,-0.26,5.93,37.8,58.6,-20.8,0.6,63.1,13.8,11.5,9.4,2.0,0.2
MD-07,district,MD,61.65,3.71,65.48,0.12,60.49,15.3,81.1,-65.9,2.4,32.1,54.1,7.1,4.8,1.8,0.1
MD-08,district,MD,59.43,3.71,63.29,0.14,58.06,14.7,81.7,-67.0,-0.6,46.4,18.1,17.8,15.9,1.7,0.2
ME-01,district,ME,22.36,3.71,25.12,-0.95,22.33,31.9,64.5,-32.6,2.2,91.8,2.4,1.8,2.1,1.8,0.1
ME-02,district,ME,-8.86,3.71,-6.15,-1.0,-9.72,45.2,51.2,-6.0,2.3,93.0,1.6,1.4,1.2,2.7,0.1
MI-01,district,MI,-21.16,3.71,-18.48,-1.03,-21.52,50.4,46.0,4.4,2.2,91.5,1.4,1.6,0.9,4.5,0.1
MI-02,district,MI,-29.82,3.71,-26.96,-0.85,-30.54,54.0,42.4,11.6,2.0,89.8,2.8,3.8,0.9,2.7,0.1
MI-03,district,MI,7.85,3.71,11.13,-0.43,7.95,37.6,58.8,-21.1,1.3,73.8,11.7,8.8,3.5,2.1,0.1
MI-04,district,MI,-5.33,3.71,-2.2,-0.57,-5.61,43.4,53.1,-9.7,1.6,78.5,9.0,7.1,2.9,2.3,0.1
MI-05,district,MI,-26.57,3.71,-23.66,-0.8,-27.41,52.6,43.8,8.8,2.0,87.1,4.9,4.2,1.2,2.5,0.1
MI-06,district,MI,24.58,3.71,27.6,-0.69,23.92,30.6,65.9,-35.3,1.4,71.7,10.9,4.3,11.1,1.8,0.1
MI-07,district,MI,-0.82,3.71,2.16,-0.73,-1.33,41.5,54.9,-13.3,1.8,82.3,6.8,4.8,3.8,2.2,0.1
MI-08,district,MI,-0.81,3.71,2.28,-0.62,-2.01,41.7,54.7,-13.0,2.2,76.5,15.2,4.5,1.5,2.3,0.1
MI-09,district,MI,-32.12,3.71,-29.28,-0.87,-32.75,55.0,41.4,13.6,2.1,90.3,2.7,3.2,1.7,2.0,0.1
MI-10,district,MI,-5.44,3.71,-2.47,-0.75,-6.68,43.6,52.8,-9.1,2.1,76.0,13.1,2.6,6.5,1.7,0.1
MI-11,district,MI,17.18,3.71,20.26,-0.64,16.42,33.8,62.6,-28.8,1.6,71.1,13.7,4.5,9.2,1.5,0.1
MI-12,district,MI,42.02,3.71,45.49,-0.24,39.62,23.9,72.5,-48.6,2.9,47.3,45.6,2.8,2.6,1.6,0.1
MI-13,district,MI,44.59,3.71,48.38,0.08,42.28,22.4,74.0,-51.7,2.1,39.2,46.5,8.7,3.4,2.1,0.1
MN-01,district,MN,-11.68,3.71,-8.68,-0.71,-12.23,46.1,50.3,-4.2,1.7,85.8,3.7,5.7,3.2,1.4,0.2
MN-02,district,MN,5.99,3.71,9.05,-0.64,5.95,38.5,58.0,-19.5,1.4,79.3,6.2,6.4,6.2,1.8,0.1
MN-03,district,MN,21.33,3.71,24.33,-0.71,21.72,32.0,64.4,-32.4,1.6,76.0,9.1,4.3,8.9,1.5,0.1
MN-04,district,MN,36.96,3.71,40.07,-0.6,36.47,25.1,71.3,-46.2,1.0,67.8,11.0,6.2,12.8,2.1,0.2
MN-05,district,MN,63.83,3.71,67.14,-0.4,63.54,13.8,82.6,-68.9,1.2,65.0,16.5,8.5,7.1,2.8,0.2
MN-06,district,MN,-19.84,3.71,-16.98,-0.85,-20.07,49.7,46.7,3.1,2.0,87.3,4.4,3.1,3.5,1.6,0.1
MN-07,district,MN,-36.22,3.71,-33.35,-0.84,-37.1,56.7,39.7,16.9,2.0,90.9,1.6,4.1,1.1,2.1,0.2
MN-08,district,MN,-13.67,3.71,-11.02,-1.06,-14.53,47.2,49.2,-2.0,2.2,90.0,1.6,1.5,1.2,5.6,0.1
MO-01,district,MO,59.05,3.71,62.57,-0.19,58.61,16.5,79.9,-63.4,2.7,45.1,44.9,3.9,4.2,1.8,0.1
MO-02,district,MO,-11.75,3.71,-8.95,-0.9,-11.57,46.3,50.1,-3.9,2.0,86.6,3.6,2.4,5.2,2.0,0.1
MO-03,district,MO,-20.09,3.71,-17.2,-0.83,-20.27,49.9,46.6,3.3,2.0,84.9,6.4,3.2,3.1,2.4,0.1
MO-04,district,MO,-20.95,3.71,-17.97,-0.73,-21.37,50.1,46.3,3.9,1.9,81.9,7.7,4.8,2.2,3.1,0.2
MO-05,district,MO,-17.39,3.71,-14.13,-0.45,-18.62,48.6,47.8,0.8,1.8,69.8,17.9,7.0,1.6,3.2,0.4
MO-06,district,MO,-26.63,3.71,-23.67,-0.75,-27.0,52.5,43.9,8.6,1.8,84.1,5.7,4.8,2.3,2.7,0.4
MO-07,district,MO,-42.99,3.71,-40.11,-0.83,-43.18,59.4,37.0,22.4,1.7,85.4,2.6,5.0,1.9,4.6,0.4
MO-08,district,MO,-53.57,3.71,-50.79,-0.93,-54.42,64.2,32.2,32.0,2.3,89.0,4.7,2.0,1.1,3.1,0.1
MS-01,district,MS,-36.17,3.71,-32.96,-0.5,-37.53,57.0,39.4,17.6,2.6,66.9,27.1,3.1,1.3,1.6,0.1
MS-02,district,MS,22.22,3.71,25.91,-0.02,20.59,32.6,63.8,-31.2,3.5,34.2,61.9,2.1,0.8,1.1,0.1
MS-03,district,MS,-28.33,3.71,-25.09,-0.47,-29.5,53.7,42.7,11.1,2.8,61.6,32.5,2.4,1.5,2.0,0.1
MS-04,district,MS,-41.95,3.71,-38.75,-0.51,-43.01,59.3,37.2,22.1,2.3,68.2,22.7,4.5,2.3,2.2,0.2
MT-01,district,MT,-10.93,3.71,-8.2,-0.98,-11.92,45.9,50.6,-4.7,1.8,87.5,0.7,3.6,1.5,6.5,0.2
MT-02,district,MT,-29.81,3.71,-27.14,-1.04,-30.51,53.8,42.6,11.3,1.7,84.8,1.0,3.5,1.3,9.2,0.2
NC-01,district,NC,-10.12,3.71,-6.76,-0.35,-11.71,45.8,50.6,-4.7,2.5,59.5,32.2,4.6,1.3,2.2,0.2
NC-02,district,NC,34.76,3.71,38.33,-0.14,34.41,26.1,70.4,-44.3,1.1,56.5,23.8,10.9,6.8,1.8,0.1
NC-03,district,NC,-12.19,3.71,-8.56,-0.08,-13.76,46.3,50.2,-3.9,1.5,55.6,29.1,10.4,2.2,2.3,0.3
NC-04,district,NC,46.49,3.71,49.97,-0.24,46.04,21.0,75.4,-54.5,0.9,55.5,21.6,9.7,11.2,1.8,0.1
NC-05,district,NC,-16.93,3.71,-13.67,-0.46,-17.92,48.4,48.0,0.5,1.9,70.4,18.6,6.4,2.4,2.0,0.1
NC-06,district,NC,-17.06,3.71,-13.68,-0.33,-17.36,48.3,48.1,0.2,1.5,65.8,19.2,8.8,3.7,2.3,0.1
NC-07,district,NC,-13.15,3.71,-9.91,-0.47,-14.02,46.8,49.6,-2.8,1.8,67.2,20.0,6.6,1.9,4.2,0.2
NC-08,district,NC,-19.14,3.71,-15.95,-0.52,-19.62,49.1,47.3,1.8,1.4,63.4,17.6,7.8,3.7,7.4,0.1
NC-09,district,NC,-15.45,3.71,-11.95,-0.21,-16.03,47.5,48.9,-1.3,1.3,61.5,22.1,10.4,2.5,3.2,0.3
NC-10,district,NC,-17.25,3.71,-13.88,-0.34,-17.89,48.3,48.1,0.3,1.4,69.2,16.5,9.2,2.8,2.2,0.1
NC-11,district,NC,-9.96,3.71,-6.97,-0.72,-9.61,45.4,51.1,-5.7,1.6,84.9,3.9,6.2,1.3,3.5,0.2
NC-12,district,NC,48.09,3.71,52.09,0.29,47.04,20.3,76.1,-55.9,0.8,38.9,37.8,14.9,6.3,2.0,0.1
NC-13,district,NC,-16.7,3.71,-13.22,-0.22,-16.71,48.1,48.3,-0.3,1.4,65.8,19.3,10.6,1.6,2.4,0.2
NC-14,district,NC,-15.5,3.71,-12.25,-0.46,-15.22,47.7,48.7,-1.0,1.6,70.6,15.9,7.3,4.0,2.2,0.1
ND-01,district,ND,-36.76,3.71,-33.97,-0.92,-37.39,56.8,39.6,17.3,1.8,84.5,3.6,3.6,2.2,5.9,0.2
NE-01,district,NE,-13.06,3.71,-9.89,-0.54,-13.23,46.4,50.0,-3.6,1.2,81.0,4.0,9.0,3.7,2.1,0.2
NE-02,district,NE,4.8,3.71,8.15,-0.36,4.68,38.7,57.7,-18.9,1.0,71.6,10.5,10.5,4.9,2.3,0.2
NE-03,district,NE,-53.98,3.71,-50.8,-0.53,-54.43,63.8,32.6,31.2,1.1,84.4,1.6,10.0,1.1,2.8,0.2
NH-01,district,NH,2.66,3.71,5.52,-0.85,2.02,40.1,56.3,-16.1,1.9,89.7,2.1,3.5,3.0,1.6,0.1
NH-02,district,NH,4.67,3.71,7.52,-0.86,3.63,39.3,57.1,-17.9,1.9,89.5,1.8,3.6,3.1,1.8,0.1
NJ-01,district,NJ,20.58,3.71,24.16,-0.14,19.0,32.0,64.5,-32.5,0.8,62.2,17.6,12.5,5.9,1.6,0.2
NJ-02,district,NJ,-11.32,3.71,-7.71,-0.1,-13.29,45.4,51.1,-5.7,0.5,66.6,12.5,14.6,4.2,1.9,0.2
NJ-03,district,NJ,9.33,3.71,12.7,-0.34,7.92,36.8,59.6,-22.8,0.9,65.5,14.1,9.7,9.1,1.4,0.1
NJ-04,district,NJ,-29.34,3.71,-26.14,-0.51,-31.01,53.4,43.0,10.3,1.2,82.2,4.2,9.1,3.3,1.1,0.1
NJ-05,district,NJ,3.72,3.71,7.25,-0.17,1.29,38.5,57.9,-19.4,-0.5,60.6,7.0,14.8,16.5,1.0,0.1
NJ-06,district,NJ,9.51,3.71,13.5,0.28,6.23,35.5,60.9,-25.5,-1.5,44.6,12.6,21.8,19.5,1.4,0.1
NJ-07,district,NJ,-1.06,3.71,2.26,-0.4,-1.9,41.1,55.4,-14.3,0.6,73.5,5.9,10.8,8.7,1.1,0.1
NJ-08,district,NJ,33.55,3.71,38.93,1.66,28.85,23.7,72.8,-49.1,-4.8,26.1,10.9,47.6,13.0,2.2,0.2
NJ-09,district,NJ,3.87,3.71,8.72,1.14,-1.3,37.1,59.4,-22.3,-3.2,39.7,10.6,37.9,9.8,1.9,0.2
NJ-10,district,NJ,52.45,3.71,56.93,0.77,48.73,18.2,78.2,-60.0,0.4,19.9,51.6,19.6,7.3,1.4,0.2
NJ-11,district,NJ,9.79,3.71,13.37,-0.14,7.93,36.0,60.4,-24.3,-0.2,63.6,7.8,15.1,12.4,1.0,0.1
NJ-12,district,NJ,26.17,3.71,30.08,0.2,23.58,28.7,67.8,-39.1,-1.0,42.9,17.4,18.9,19.2,1.4,0.2
NM-01,district,NM,13.35,3.71,17.93,0.87,13.0,33.1,63.3,-30.1,-3.0,48.4,3.6,36.8,3.8,7.1,0.3
NM-02,district,NM,0.29,3.71,5.82,1.83,-1.84,37.5,58.9,-21.5,-5.4,32.5,2.8,54.9,1.8,7.8,0.3
NM-03,district,NM,6.98,3.71,11.38,0.69,5.32,35.5,60.9,-25.4,-3.7,37.9,1.9,39.1,1.7,19.2,0.2
NV-01,district,NV,4.23,3.71,8.72,0.79,2.3,37.3,59.1,-21.8,-2.4,42.8,11.4,31.4,10.1,2.9,1.4
NV-02,district,NV,-13.48,3.71,-9.79,-0.02,-14.26,45.7,50.7,-5.0,-0.6,66.3,2.8,19.6,5.9,4.5,0.9
NV-03,district,NV,1.28,3.71,5.07,0.08,-0.75,39.1,57.3,-18.2,-1.3,46.1,11.0,18.4,20.4,2.2,1.9
NV-04,district,NV,4.28,3.71,8.78,0.79,2.37,37.6,58.9,-21.3,-1.9,40.4,17.6,29.8,7.7,3.1,1.5
NY-01,district,NY,-8.67,3.71,-5.25,-0.29,-10.19,44.2,52.2,-7.9,0.5,74.6,5.4,12.9,5.7,1.3,0.1
NY-02,district,NY,-11.64,3.71,-7.53,0.4,-14.08,44.8,51.6,-6.7,-0.8,59.0,11.2,24.1,3.8,1.8,0.1
NY-03,district,NY,-0.83,3.71,2.6,-0.28,-4.35,40.2,56.2,-15.9,-0.8,57.0,4.8,13.6,23.6,0.9,0.1
NY-04,district,NY,4.36,3.71,8.37,0.3,1.29,38.3,58.1,-19.9,-0.3,52.2,18.7,20.0,7.7,1.3,0.1
NY-05,district,NY,48.06,3.71,52.41,0.65,42.8,19.7,76.8,-57.1,-0.4,13.1,46.9,19.4,17.3,2.8,0.5
NY-06,district,NY,12.73,3.71,16.65,0.22,6.53,33.0,63.4,-30.4,-3.7,23.7,5.5,23.2,45.8,1.5,0.2
NY-07,district,NY,51.57,3.71,56.21,0.94,47.19,16.9,79.5,-62.5,-2.9,35.3,13.9,33.6,14.6,2.3,0.3
NY-08,district,NY,48.12,3.71,52.23,0.4,44.77,20.3,76.2,-55.9,0.8,27.9,46.2,14.4,9.8,1.3,0.2
NY-09,district,NY,44.87,3.71,48.81,0.23,41.39,21.9,74.5,-52.6,1.3,29.8,47.7,10.9,10.2,1.2,0.2
NY-10,district,NY,64.76,3.71,68.48,0.01,61.89,12.1,84.3,-72.3,-1.4,48.7,8.0,18.1,23.4,1.5,0.3
NY-11,district,NY,-20.84,3.71,-17.22,-0.1,-24.83,48.7,47.8,0.9,-1.0,53.0,8.0,16.1,21.2,1.4,0.2
NY-12,district,NY,66.94,3.71,70.26,-0.39,64.9,11.9,84.5,-72.6,0.1,65.8,6.5,10.9,15.7,0.9,0.3
NY-13,district,NY,65.26,3.71,70.81,1.84,60.27,10.8,85.7,-74.9,-3.6,15.2,30.3,45.5,6.0,2.6,0.3
NY-14,district,NY,38.62,3.71,44.06,1.73,32.37,21.6,74.8,-53.2,-4.6,19.0,18.2,47.1,12.5,2.9,0.3
NY-15,district,NY,54.89,3.71,60.58,1.99,48.81,15.3,81.1,-65.9,-3.4,9.3,38.1,45.9,3.9,2.5,0.3
NY-16,district,NY,36.22,3.71,40.64,0.71,33.31,24.4,72.0,-47.7,-1.1,40.4,24.5,26.1,7.2,1.7,0.2
NY-17,district,NY,2.86,3.71,6.63,0.06,0.56,39.0,57.4,-18.4,-0.2,65.2,9.3,18.2,5.9,1.3,0.1
NY-18,district,NY,4.4,3.71,8.07,-0.04,3.35,38.6,57.8,-19.2,0.3,65.9,12.2,15.9,3.8,2.0,0.1
NY-19,district,NY,2.28,3.71,5.3,-0.68,1.8,40.1,56.3,-16.2,1.6,82.0,5.6,5.9,4.3,2.0,0.1
NY-20,district,NY,15.3,3.71,18.41,-0.6,14.32,34.6,61.9,-27.3,1.5,75.0,10.6,6.0,6.4,1.9,0.2
NY-21,district,NY,-19.65,3.71,-16.82,-0.87,-20.76,49.7,46.7,3.0,2.1,89.1,3.6,3.2,1.3,2.7,0.1
NY-22,district,NY,8.5,3.71,11.52,-0.69,7.69,37.6,58.8,-21.2,1.8,79.1,9.8,4.7,4.4,2.0,0.1
NY-23,district,NY,-20.86,3.71,-18.04,-0.88,-21.19,50.2,46.2,4.0,2.1,90.4,2.9,3.0,1.4,2.2,0.1
NY-24,district,NY,-22.71,3.71,-19.85,-0.85,-23.24,51.0,45.4,5.6,2.1,89.7,3.4,3.5,1.1,2.2,0.1
NY-25,district,NY,19.13,3.71,22.43,-0.42,18.65,32.9,63.5,-30.6,1.5,70.3,15.4,7.8,4.9,1.4,0.1
NY-26,district,NY,20.69,3.71,23.92,-0.48,19.56,32.4,64.1,-31.7,1.7,68.1,18.3,6.0,5.9,1.6,0.1
OH-01,district,OH,-1.9,3.71,1.18,-0.64,-2.62,42.2,54.2,-12.0,2.2,72.3,18.4,3.1,4.4,1.7,0.1
OH-02,district,OH,-41.46,3.71,-38.73,-0.98,-42.48,59.1,37.3,21.8,2.4,92.6,2.8,1.3,1.0,2.3,0.1
OH-03,district,OH,41.54,3.71,44.86,-0.39,40.65,23.6,72.8,-49.2,1.9,59.2,27.1,5.3,6.5,1.7,0.1
OH-04,district,OH,-42.22,3.71,-39.38,-0.87,-43.01,59.4,37.0,22.4,2.3,88.1,6.1,2.2,1.6,1.9,0.2
OH-05,district,OH,-22.91,3.71,-19.87,-0.66,-23.97,50.9,45.5,5.4,1.8,84.8,5.7,6.1,1.4,1.9,0.1
OH-06,district,OH,-33.22,3.71,-30.34,-0.84,-34.9,55.6,40.8,14.7,2.3,87.9,6.9,2.6,0.7,1.9,0.1
OH-07,district,OH,-10.64,3.71,-7.79,-0.86,-11.15,45.8,50.6,-4.7,2.0,88.4,3.6,3.0,3.4,1.5,0.1
OH-08,district,OH,-15.64,3.71,-12.6,-0.67,-15.78,48.0,48.5,-0.5,2.0,76.4,13.6,3.8,4.2,1.9,0.2
OH-09,district,OH,-9.32,3.71,-6.19,-0.59,-10.68,45.2,51.2,-6.0,1.9,78.3,12.4,5.7,1.6,1.9,0.1
OH-10,district,OH,-7.27,3.71,-4.21,-0.65,-7.86,44.5,51.9,-7.4,2.2,73.9,17.3,3.3,3.1,2.2,0.2
OH-11,district,OH,56.79,3.71,60.45,-0.04,55.47,17.3,79.1,-61.8,2.3,44.1,43.9,6.8,3.6,1.5,0.1
OH-12,district,OH,-29.93,3.71,-27.15,-0.93,-30.36,54.1,42.3,11.8,2.2,88.4,4.6,1.7,3.3,1.9,0.1
OH-13,district,OH,4.27,3.71,7.22,-0.76,3.32,39.6,56.8,-17.1,2.3,78.2,13.9,2.2,3.7,1.9,0.1
OH-14,district,OH,-19.37,3.71,-16.53,-0.87,-20.53,49.7,46.8,2.9,2.3,89.2,5.2,2.5,1.3,1.8,0.1
OH-15,district,OH,-9.42,3.71,-6.36,-0.65,-10.11,45.2,51.2,-6.0,1.8,76.8,11.5,4.9,4.5,2.1,0.1
OK-01,district,OK,-22.16,3.71,-19.02,-0.56,-22.0,50.0,46.4,3.5,0.5,61.6,10.2,11.3,3.8,12.9,0.2
OK-02,district,OK,-55.47,3.71,-53.07,-1.31,-56.51,64.4,32.0,32.4,1.1,65.0,4.2,4.3,1.0,25.3,0.2
OK-03,district,OK,-45.19,3.71,-41.74,-0.26,-45.69,59.4,37.0,22.5,-0.1,64.0,6.2,16.8,2.0,10.5,0.5
OK-04,district,OK,-33.22,3.71,-30.22,-0.71,-33.57,54.9,41.5,13.4,1.0,67.4,9.1,8.3,3.4,11.5,0.4
OK-05,district,OK,-18.9,3.71,-15.81,-0.62,-18.66,48.9,47.5,1.4,1.1,65.2,13.0,8.1,4.1,9.4,0.2
OR-01,district,OR,39.57,3.71,42.9,-0.38,39.2,23.5,72.9,-49.5,0.0,68.8,3.0,12.7,11.5,3.2,0.8
OR-02,district,OR,-27.33,3.71,-24.11,-0.49,-27.9,52.2,44.2,8.1,0.7,79.0,1.2,11.9,1.9,5.4,0.6
OR-03,district,OR,48.17,3.71,51.51,-0.37,47.61,20.0,76.4,-56.5,0.3,67.4,6.7,11.9,9.3,3.6,1.0
OR-04,district,OR,12.67,3.71,15.66,-0.71,12.44,35.5,60.9,-25.4,1.2,81.7,1.6,7.4,4.1,4.6,0.6
OR-05,district,OR,8.9,3.71,11.98,-0.63,8.92,37.1,59.4,-22.3,1.1,81.8,1.5,8.4,4.3,3.4,0.6
OR-06,district,OR,12.06,3.71,15.62,-0.15,11.74,35.0,61.4,-26.3,-0.3,70.4,2.0,17.3,5.0,4.1,1.1
PA-01,district,PA,1.35,3.71,4.33,-0.73,0.33,40.5,55.9,-15.4,1.6,82.5,4.5,5.0,6.7,1.1,0.1
PA-02,district,PA,38.58,3.71,42.78,0.49,36.13,23.6,72.8,-49.3,-0.6,40.5,25.7,21.7,10.4,1.4,0.2
PA-03,district,PA,79.48,3.71,83.15,-0.04,78.22,7.7,88.7,-81.1,2.3,34.9,50.3,5.3,8.1,1.3,0.2
PA-04,district,PA,16.69,3.71,19.73,-0.67,15.97,34.1,62.4,-28.3,1.7,78.6,9.0,4.8,6.4,1.0,0.1
PA-05,district,PA,29.91,3.71,33.2,-0.42,28.94,28.5,67.9,-39.4,1.8,61.3,24.6,5.3,7.6,1.1,0.1
PA-06,district,PA,12.21,3.71,15.71,-0.21,11.53,35.3,61.1,-25.7,0.5,72.0,7.3,13.9,5.2,1.5,0.1
PA-07,district,PA,-2.29,3.71,1.33,-0.09,-3.24,41.4,55.0,-13.6,0.3,71.8,7.2,16.0,3.5,1.4,0.1
PA-08,district,PA,-7.4,3.71,-4.05,-0.37,-8.58,44.0,52.4,-8.4,1.1,77.6,7.6,10.8,2.4,1.4,0.1
PA-09,district,PA,-37.92,3.71,-34.98,-0.77,-38.27,57.4,39.0,18.4,1.9,89.6,3.1,4.7,1.2,1.4,0.1
PA-10,district,PA,-5.13,3.71,-1.89,-0.48,-5.29,43.2,53.2,-10.1,1.4,74.3,11.4,7.8,4.9,1.5,0.1
PA-11,district,PA,-21.57,3.71,-18.44,-0.58,-21.57,50.2,46.2,4.0,1.5,83.8,4.5,7.7,2.5,1.3,0.1
PA-12,district,PA,19.79,3.71,22.78,-0.71,19.36,33.0,63.4,-30.4,2.2,75.9,15.1,2.4,5.2,1.2,0.1
PA-13,district,PA,-45.64,3.71,-42.8,-0.87,-45.91,60.8,35.6,25.2,2.2,91.6,3.0,2.9,1.0,1.5,0.1
PA-14,district,PA,-32.91,3.71,-30.14,-0.94,-33.59,55.5,40.9,14.6,2.5,92.4,4.0,1.3,0.9,1.3,0.1
PA-15,district,PA,-37.75,3.71,-34.96,-0.92,-38.3,57.4,39.0,18.5,2.2,91.3,2.6,2.1,2.5,1.4,0.1
PA-16,district,PA,-22.29,3.71,-19.46,-0.89,-22.97,50.9,45.5,5.4,2.3,89.9,4.9,2.1,1.6,1.4,0.1
PA-17,district,PA,5.67,3.71,8.54,-0.84,5.56,39.0,57.4,-18.4,2.3,84.7,8.4,2.0,3.6,1.2,0.1
RI-01,district,RI,24.25,3.71,27.89,-0.06,22.62,30.1,66.3,-36.2,0.3,67.5,10.1,15.9,4.5,1.8,0.2
RI-02,district,RI,8.38,3.71,11.76,-0.33,6.97,37.1,59.3,-22.2,0.7,76.1,5.7,12.4,3.8,1.9,0.2
SC-01,district,SC,-12.46,3.71,-9.2,-0.45,-13.29,46.5,49.9,-3.4,1.8,71.2,17.4,6.8,2.5,1.9,0.2
SC-02,district,SC,-13.6,3.71,-10.28,-0.39,-14.16,47.1,49.3,-2.2,2.1,63.7,25.3,5.9,2.7,2.2,0.2
SC-03,district,SC,-42.12,3.71,-38.98,-0.56,-43.62,59.3,37.1,22.2,2.2,74.0,17.6,4.7,1.5,2.1,0.1
SC-04,district,SC,-22.97,3.71,-19.57,-0.31,-23.95,50.8,45.6,5.2,1.5,66.9,19.0,9.0,3.1,2.0,0.1
SC-05,district,SC,-21.91,3.71,-18.67,-0.47,-23.1,50.8,45.7,5.1,2.3,66.4,24.6,4.5,2.3,2.1,0.1
SC-06,district,SC,25.65,3.71,29.27,-0.09,23.24,30.7,65.7,-35.0,2.7,44.3,46.6,5.3,2.1,1.6,0.2
SC-07,district,SC,-24.62,3.71,-21.39,-0.48,-26.62,52.0,44.4,7.5,2.4,67.1,25.4,4.0,1.4,2.0,0.1
SD-01,district,SD,-29.31,3.71,-26.61,-1.02,-29.98,53.6,42.8,10.8,1.7,83.1,2.2,3.6,1.9,9.1,0.2
TN-01,district,TN,-57.65,3.71,-54.79,-0.85,-58.44,65.8,30.6,35.2,2.0,89.8,2.7,3.8,1.1,2.5,0.1
TN-02,district,TN,-33.55,3.71,-30.61,-0.77,-34.33,55.5,40.9,14.6,1.9,84.5,6.3,4.4,2.2,2.5,0.1
TN-03,district,TN,-35.33,3.71,-32.31,-0.69,-36.21,56.3,40.1,16.2,2.0,79.9,10.4,4.8,1.9,2.8,0.1
TN-04,district,TN,-22.48,3.71,-19.03,-0.26,-24.28,50.4,46.0,4.4,1.1,67.1,15.5,11.1,3.7,2.4,0.1
TN-05,district,TN,-20.62,3.71,-17.32,-0.41,-23.39,50.2,46.2,4.1,2.4,63.5,27.8,4.7,1.7,2.0,0.2
TN-06,district,TN,-25.43,3.71,-22.35,-0.63,-26.87,52.0,44.4,7.7,1.9,79.1,10.6,5.5,2.4,2.3,0.1
TN-07,district,TN,-21.72,3.71,-18.57,-0.56,-22.73,50.5,45.9,4.5,1.9,74.8,14.4,5.8,2.5,2.3,0.2
TN-08,district,TN,-19.55,3.71,-16.21,-0.37,-20.43,49.7,46.8,2.9,2.1,62.7,26.5,5.7,3.1,1.8,0.1
TN-09,district,TN,-18.61,3.71,-15.2,-0.3,-21.42,49.3,47.1,2.3,2.3,58.1,31.6,5.6,2.8,1.8,0.1
TX-01,district,TX,-48.58,3.71,-44.92,-0.04,-49.91,61.4,35.1,26.3,0.8,62.9,18.5,14.2,1.5,2.7,0.1
TX-02,district,TX,-23.24,3.71,-19.06,0.47,-23.13,49.5,46.9,2.7,-1.3,52.1,12.2,25.5,7.2,2.7,0.3
TX-03,district,TX,-23.24,3.71,-19.55,-0.01,-23.98,50.0,46.4,3.5,-0.4,57.4,11.3,17.1,11.1,2.9,0.2
TX-04,district,TX,-24.11,3.71,-20.78,-0.38,-25.16,50.6,45.8,4.8,0.1,60.6,9.8,10.9,15.6,2.9,0.2
TX-05,district,TX,-20.87,3.71,-16.61,0.55,-21.84,48.7,47.8,0.9,-1.0,50.8,16.3,25.9,3.8,3.0,0.2
TX-06,district,TX,-22.89,3.71,-18.58,0.6,-23.28,49.3,47.1,2.1,-1.5,50.1,12.7,27.9,5.8,3.1,0.3
TX-07,district,TX,26.31,3.71,30.92,0.9,24.12,27.7,68.8,-41.1,-2.9,30.7,16.2,32.3,18.6,2.1,0.2
TX-08,district,TX,-25.8,3.71,-21.26,0.83,-27.99,50.3,46.1,4.2,-1.9,41.3,17.3,30.8,7.6,2.8,0.2
TX-09,district,TX,-16.82,3.71,-10.93,2.18,-20.07,44.7,51.7,-6.9,-5.4,27.6,10.0,57.4,1.9,2.9,0.1
TX-10,district,TX,-21.42,3.71,-17.63,0.07,-22.93,49.2,47.2,2.1,-0.3,62.2,9.9,18.8,6.6,2.4,0.2
TX-11,district,TX,-33.96,3.71,-29.34,0.91,-34.78,53.5,42.9,10.5,-2.5,50.5,7.0,34.9,4.6,2.7,0.2
TX-12,district,TX,-22.99,3.71,-18.63,0.65,-24.15,49.2,47.2,2.0,-1.7,53.2,9.8,29.5,4.3,2.9,0.2
TX-13,district,TX,-46.47,3.71,-42.43,0.33,-46.67,59.6,36.8,22.7,-0.9,61.3,7.6,24.4,3.1,3.4,0.2
TX-14,district,TX,-23.9,3.71,-19.87,0.31,-24.57,50.2,46.2,3.9,-0.6,53.1,16.3,21.4,6.6,2.4,0.2
TX-15,district,TX,-13.01,3.71,-6.12,3.18,-18.02,41.7,54.7,-13.0,-8.3,17.7,1.9,77.4,1.3,1.6,0.1
TX-16,district,TX,21.85,3.71,28.81,3.26,16.63,26.8,69.6,-42.9,-8.5,12.7,4.0,78.5,2.1,2.4,0.3
TX-17,district,TX,-20.84,3.71,-16.9,0.23,-21.95,48.8,47.6,1.3,-0.6,58.5,11.3,21.3,5.8,2.8,0.2
TX-18,district,TX,58.36,3.71,63.35,1.28,55.72,14.8,81.7,-66.9,-1.5,14.4,44.0,31.4,8.0,2.0,0.2
TX-19,district,TX,-50.95,3.71,-46.35,0.89,-52.17,60.8,35.6,25.2,-2.3,53.1,7.3,34.4,2.4,2.6,0.2
TX-20,district,TX,31.95,3.71,38.25,2.59,28.88,23.4,73.0,-49.5,-6.6,17.8,10.4,64.7,3.7,3.0,0.3
TX-21,district,TX,-21.29,3.71,-16.89,0.69,-22.09,48.3,48.1,0.2,-2.0,56.3,4.8,31.3,4.2,2.7,0.7
TX-22,district,TX,-21.87,3.71,-17.64,0.53,-22.66,48.6,47.8,0.8,-1.9,45.5,11.3,26.8,14.2,2.2,0.1
TX-23,district,TX,-12.94,3.71,-7.19,2.04,-14.97,43.1,53.3,-10.2,-5.4,32.8,5.1,55.8,3.7,2.2,0.3
TX-24,district,TX,-16.17,3.71,-12.59,-0.13,-16.39,47.1,49.4,-2.3,-0.2,63.0,7.7,15.8,10.4,2.6,0.5
TX-25,district,TX,-22.54,3.71,-18.35,0.48,-24.34,49.6,46.8,2.8,-0.6,50.3,19.6,23.5,3.5,2.8,0.2
TX-26,district,TX,-23.58,3.71,-19.85,0.02,-24.12,50.1,46.3,3.8,-0.4,58.5,10.6,17.9,9.7,3.1,0.2
TX-27,district,TX,-20.73,3.71,-15.83,1.2,-21.44,47.6,48.8,-1.2,-3.0,47.6,7.4,40.0,2.2,2.6,0.2
TX-28,district,TX,-3.58,3.71,3.9,3.77,-10.45,36.9,59.5,-22.6,-9.8,8.5,0.7,88.4,0.8,1.5,0.1
TX-29,district,TX,34.46,3.71,40.41,2.23,30.84,23.3,73.1,-49.9,-4.7,12.4,26.4,53.9,4.0,3.0,0.3
TX-30,district,TX,50.28,3.71,55.3,1.31,47.81,18.3,78.1,-59.9,-1.3,15.1,45.6,31.6,5.1,2.5,0.2
TX-31,district,TX,-21.67,3.71,-17.73,0.23,-22.14,49.3,47.1,2.3,-0.3,55.9,15.2,20.2,4.9,3.0,0.9
TX-32,district,TX,-16.67,3.71,-12.7,0.26,-18.11,46.9,49.5,-2.5,-0.9,51.9,13.4,21.5,10.2,2.8,0.2
TX-33,district,TX,36.33,3.71,41.83,1.8,33.34,22.6,73.8,-51.1,-4.4,26.2,15.3,49.1,6.2,3.1,0.1
TX-34,district,TX,-6.22,3.71,0.42,2.93,-10.22,39.1,57.3,-18.2,-7.7,21.0,2.4,72.7,2.0,1.8,0.1
TX-35,district,TX,-8.59,3.71,-3.0,1.88,-10.56,41.5,54.9,-13.3,-4.8,33.7,8.0,52.5,2.5,2.9,0.3
TX-36,district,TX,-23.62,3.71,-19.44,0.47,-25.28,49.9,46.5,3.4,-0.9,48.0,18.5,23.6,7.4,2.3,0.1
TX-37,district,TX,59.19,3.71,63.75,0.85,57.7,13.9,82.5,-68.6,-2.5,46.3,9.3,33.4,8.0,2.8,0.2
TX-38,district,TX,-20.96,3.71,-16.88,0.37,-21.3,48.5,47.9,0.6,-1.4,51.2,10.6,24.1,11.5,2.4,0.2
UT-01,district,UT,25.11,3.71,28.92,0.1,24.33,29.2,67.2,-37.9,-0.8,65.6,2.8,20.7,5.9,2.6,2.4
UT-02,district,UT,-30.29,3.71,-26.99,-0.41,-29.9,53.5,42.9,10.7,0.7,80.6,1.7,11.8,2.9,2.1,0.9
UT-03,district,UT,-42.6,3.71,-39.35,-0.46,-42.42,58.8,37.6,21.1,0.7,80.5,1.0,11.5,2.3,3.4,1.3
UT-04,district,UT,-33.8,3.71,-30.62,-0.53,-33.43,55.2,41.3,13.9,1.0,82.5,1.2,9.5,3.6,1.8,1.3
VA-01,district,VA,-5.57,3.71,-2.49,-0.63,-5.0,43.6,52.8,-9.3,1.8,73.0,14.2,4.4,6.3,1.8,0.2
VA-02,district,VA,0.02,3.71,3.33,-0.4,-0.27,41.1,55.3,-14.1,1.7,60.7,23.7,6.2,6.9,2.1,0.4
VA-03,district,VA,36.07,3.71,39.76,-0.03,35.17,26.0,70.4,-44.3,2.1,41.2,44.5,7.2,4.3,2.3,0.4
VA-04,district,VA,33.99,3.71,37.68,-0.01,33.18,26.9,69.5,-42.7,2.1,44.7,41.7,8.2,3.3,1.9,0.2
VA-05,district,VA,-11.42,3.71,-8.27,-0.56,-12.41,46.3,50.1,-3.8,2.3,70.0,21.7,3.6,3.0,1.7,0.1
VA-06,district,VA,-24.01,3.71,-20.91,-0.61,-24.47,51.4,45.1,6.3,1.7,80.8,8.7,6.4,2.1,2.0,0.1
VA-07,district,VA,3.8,3.71,7.57,0.06,2.91,38.9,57.5,-18.6,0.4,53.4,22.1,15.1,6.6,2.5,0.3
VA-08,district,VA,52.47,3.71,56.28,0.1,50.9,17.7,78.8,-61.1,-0.7,51.5,13.8,18.2,14.3,1.9,0.2
VA-09,district,VA,-43.66,3.71,-40.8,-0.85,-44.43,60.0,36.4,23.5,2.2,87.1,6.4,2.5,2.2,1.7,0.1
VA-10,district,VA,10.25,3.71,13.87,-0.09,8.58,35.6,60.8,-25.1,-0.6,55.4,9.8,15.9,16.8,1.9,0.2
VA-11,district,VA,36.67,3.71,40.11,-0.26,35.29,24.3,72.1,-47.7,-0.8,50.9,9.4,12.8,25.3,1.4,0.2
VT-01,district,VT,33.5,3.71,36.26,-0.95,32.77,27.1,69.3,-42.1,2.2,91.3,1.7,2.1,2.2,2.5,0.1
WA-01,district,WA,30.23,3.71,33.34,-0.6,29.71,27.4,69.0,-41.6,-0.1,63.0,3.5,8.5,21.8,2.4,0.8
WA-02,district,WA,24.36,3.71,27.54,-0.53,24.45,30.2,66.2,-36.0,0.5,72.5,3.5,10.1,9.0,4.1,0.9
WA-03,district,WA,-3.48,3.71,-0.36,-0.59,-3.4,42.2,54.2,-11.9,0.9,78.4,2.5,8.9,5.1,3.9,1.2
WA-04,district,WA,-20.48,3.71,-16.04,0.72,-21.24,47.8,48.6,-0.9,-2.5,56.3,1.5,34.0,2.6,5.3,0.4
WA-05,district,WA,-10.91,3.71,-7.91,-0.7,-11.11,45.6,50.8,-5.3,1.3,81.3,2.7,7.1,3.7,4.3,0.9
WA-06,district,WA,19.49,3.71,22.53,-0.66,19.89,32.5,63.9,-31.4,1.0,74.9,4.8,7.4,6.6,4.9,1.4
WA-07,district,WA,77.84,3.71,81.0,-0.56,77.56,7.3,89.1,-81.8,0.2,64.3,6.0,8.5,18.1,2.4,0.8
WA-08,district,WA,6.32,3.71,9.44,-0.59,5.97,37.9,58.5,-20.6,0.5,72.8,2.9,8.8,11.2,3.2,1.0
WA-09,district,WA,43.86,3.71,47.32,-0.25,42.69,21.3,75.2,-53.9,-0.8,43.7,13.1,12.1,26.3,2.7,2.2
WA-10,district,WA,18.64,3.71,21.95,-0.4,18.6,32.6,63.9,-31.3,0.4,63.2,8.9,10.6,10.7,4.0,2.7
WI-01,district,WI,-3.69,3.71,-0.4,-0.42,-4.58,42.4,54.0,-11.6,1.1,78.2,7.1,10.2,2.4,1.9,0.1
WI-02,district,WI,41.33,3.71,44.34,-0.7,40.75,23.5,72.9,-49.4,1.5,82.2,4.7,5.7,5.8,1.6,0.1
WI-03,district,WI,-6.52,3.71,-3.72,-0.91,-7.51,44.1,52.3,-8.2,2.1,91.4,1.7,2.7,2.4,1.8,0.1
WI-04,district,WI,53.08,3.71,56.99,0.2,52.47,18.1,78.3,-60.2,0.7,46.4,31.0,15.1,5.1,2.1,0.1
WI-05,district,WI,-22.64,3.71,-19.71,-0.78,-22.45,50.8,45.6,5.2,1.8,88.8,2.0,4.7,3.1,1.3,0.1
WI-06,district,WI,-16.3,3.71,-13.39,-0.81,-16.7,48.2,48.3,-0.1,1.9,88.9,2.6,4.3,2.6,1.6,0.1
WI-07,district,WI,-21.98,3.71,-19.26,-0.99,-22.84,50.7,45.7,5.0,2.2,92.0,1.0,2.0,1.7,3.3,0.1
WI-08,district,WI,-16.09,3.71,-13.21,-0.83,-16.46,48.0,48.4,-0.4,1.7,87.0,2.0,4.8,2.3,3.8,0.1
WV-01,district,WV,-44.31,3.71,-41.56,-0.95,-45.2,60.4,36.1,24.3,2.5,91.1,4.8,1.1,0.9,2.0,0.1
WV-02,district,WV,-39.84,3.71,-37.04,-0.91,-40.38,58.4,38.1,20.3,2.3,90.2,4.1,2.2,1.4,2.1,0.1
WY-01,district,WY,-46.63,3.71,-43.56,-0.64,-46.96,60.7,35.7,25.0,1.2,84.1,1.3,8.7,1.5,4.2,0.2
AK,state,AK,-13.18,3.71,-10.53,-1.06,-13.8,46.2,50.2,-4.1,0.5,61.0,4.2,6.0,7.8,18.9,2.0
AL,state,AL,-29.63,3.71,-26.4,-0.48,-30.88,54.1,42.3,11.7,2.4,65.4,25.9,4.3,1.9,2.5,0.1
AR,state,AR,-30.5,3.71,-27.3,-0.51,-31.57,54.1,42.3,11.8,1.7,71.5,15.2,7.0,2.1,3.7,0.4
AZ,state,AZ,-4.25,3.71,-0.18,0.36,-5.59,41.4,55.1,-13.7,-1.5,57.4,5.4,26.5,4.6,5.7,0.4
CA,state,CA,23.32,3.71,27.92,0.89,20.82,28.7,67.8,-39.1,-3.5,36.9,6.6,35.0,17.4,3.3,0.8
CO,state,CO,11.58,3.71,15.29,-0.01,11.29,35.2,61.2,-26.0,-0.3,68.0,4.8,19.0,4.5,3.3,0.4
CT,state,CT,15.88,3.71,19.5,-0.09,14.76,33.7,62.7,-28.9,0.4,66.4,11.8,14.9,5.2,1.6,0.1
DE,state,DE,15.61,3.71,19.04,-0.28,14.84,34.4,62.0,-27.6,1.5,61.9,22.6,8.6,4.8,2.0,0.1
FL,state,FL,-10.56,3.71,-6.35,0.51,-13.22,44.4,52.0,-7.7,-0.8,54.3,15.4,24.8,3.6,1.7,0.2
GA,state,GA,-1.71,3.71,1.87,-0.12,-2.21,41.8,54.6,-12.7,1.6,52.4,31.5,9.0,5.0,1.9,0.2
HI,state,HI,25.73,3.71,28.98,-0.46,23.56,28.1,68.3,-40.2,-2.5,20.6,2.4,6.9,48.3,2.1,19.7
IA,state,IA,-12.1,3.71,-9.1,-0.71,-13.45,46.3,50.1,-3.8,1.7,85.6,4.3,5.5,2.8,1.6,0.3
ID,state,ID,-36.28,3.71,-33.06,-0.49,-37.52,56.1,40.3,15.9,0.8,81.7,1.2,11.1,2.4,3.3,0.4
IL,state,IL,12.91,3.71,16.62,0.0,11.14,34.9,61.5,-26.6,0.2,60.7,14.6,16.1,6.6,2.0,0.1
IN,state,IN,-18.58,3.71,-15.43,-0.57,-19.3,49.0,47.4,1.6,1.6,78.3,9.9,6.8,2.9,2.0,0.2
KS,state,KS,-16.26,3.71,-12.99,-0.43,-16.41,47.7,48.8,-1.1,0.9,75.3,6.6,10.8,3.5,3.5,0.2
KY,state,KY,-30.03,3.71,-27.06,-0.75,-31.03,54.1,42.3,11.8,2.1,83.5,8.6,3.8,2.0,2.0,0.2
LA,state,LA,-21.33,3.71,-17.9,-0.28,-22.36,50.5,46.0,4.5,2.2,58.1,31.1,6.2,2.3,2.1,0.1
MA,state,MA,27.69,3.71,31.06,-0.34,25.91,28.9,67.5,-38.7,0.7,70.9,8.6,11.1,8.0,1.2,0.1
MD,state,MD,30.41,3.71,34.04,-0.08,29.51,28.0,68.4,-40.4,1.3,49.4,30.7,10.1,7.7,1.9,0.2
ME,state,ME,7.49,3.71,10.23,-0.97,7.09,38.3,58.2,-19.9,2.3,92.4,2.0,1.6,1.6,2.3,0.1
MI,state,MI,-0.36,3.71,2.72,-0.63,-1.44,41.4,55.0,-13.6,1.9,75.1,14.1,4.7,3.8,2.3,0.1
MN,state,MN,4.94,3.71,7.92,-0.72,4.34,39.0,57.4,-18.4,1.6,80.1,6.8,5.0,5.5,2.4,0.1
MO,state,MO,-17.94,3.71,-14.93,-0.7,-18.67,48.9,47.5,1.4,2.0,78.2,11.8,4.1,2.7,2.9,0.2
MS,state,MS,-21.5,3.71,-18.16,-0.37,-23.15,50.8,45.6,5.3,2.8,57.7,36.1,3.0,1.4,1.7,0.1
MT,state,MT,-19.79,3.71,-17.09,-1.01,-20.58,49.6,46.8,2.8,1.8,86.1,0.9,3.5,1.4,7.8,0.2
NC,state,NC,-2.64,3.71,0.76,-0.3,-3.27,42.2,54.3,-12.1,1.5,63.3,21.2,8.8,3.7,2.8,0.2
ND,state,ND,-36.76,3.71,-33.97,-0.92,-37.39,56.8,39.6,17.3,1.8,84.5,3.6,3.6,2.2,5.9,0.2
NE,state,NE,-20.75,3.71,-17.52,-0.48,-20.84,49.7,46.8,2.9,1.1,79.1,5.3,9.8,3.2,2.4,0.2
NH,state,NH,3.66,3.71,6.52,-0.86,2.82,39.7,56.7,-17.0,1.9,89.6,2.0,3.6,3.0,1.7,0.1
NJ,state,NJ,8.13,3.71,12.04,0.19,5.63,36.6,59.9,-23.3,-0.6,53.8,14.3,19.5,10.8,1.5,0.1
NM,state,NM,7.45,3.71,12.29,1.12,6.14,35.1,61.3,-26.1,-4.0,39.7,2.8,43.5,2.5,11.3,0.3
NV,state,NV,-1.54,3.71,2.57,0.4,-3.15,40.2,56.2,-16.0,-1.5,48.9,10.7,24.7,11.1,3.2,1.4
NY,state,NY,15.38,3.71,19.21,0.13,12.68,33.6,62.8,-29.2,-0.3,53.3,16.4,17.8,10.4,1.8,0.2
OH,state,OH,-10.26,3.71,-7.24,-0.69,-11.31,45.7,50.7,-5.0,2.1,78.5,12.9,3.7,2.9,1.9,0.1
OK,state,OK,-34.68,3.71,-31.66,-0.7,-34.95,55.4,41.0,14.4,0.7,64.6,8.5,9.7,2.9,13.9,0.3
OR,state,OR,15.34,3.71,18.59,-0.46,14.89,34.0,62.4,-28.4,0.5,74.9,2.7,11.5,6.0,4.1,0.8
PA,state,PA,-0.87,3.71,2.31,-0.53,-1.75,41.5,55.0,-13.5,1.6,76.0,11.5,6.8,4.3,1.3,0.1
RI,state,RI,15.7,3.71,19.21,-0.2,14.16,33.9,62.5,-28.7,0.5,71.9,7.9,14.1,4.1,1.9,0.2
SC,state,SC,-16.63,3.71,-13.31,-0.39,-18.12,48.4,48.0,0.5,2.1,64.7,25.2,5.7,2.2,2.0,0.1
SD,state,SD,-29.31,3.71,-26.61,-1.02,-29.98,53.6,42.8,10.8,1.7,83.1,2.2,3.6,1.9,9.1,0.2
TN,state,TN,-28.63,3.71,-25.46,-0.54,-30.12,53.4,43.0,10.5,1.9,73.5,16.1,5.7,2.4,2.3,0.1
TX,state,TX,-12.03,3.71,-7.28,1.04,-13.88,44.1,52.3,-8.2,-2.6,42.6,12.8,35.7,6.1,2.6,0.2
UT,state,UT,-21.88,3.71,-18.48,-0.31,-22.2,49.8,46.6,3.2,0.4,77.0,1.7,13.6,3.7,2.5,1.5
VA,state,VA,6.87,3.71,10.28,-0.3,5.89,38.0,58.5,-20.5,1.1,60.9,19.7,9.0,8.2,1.9,0.2
VT,state,VT,33.5,3.71,36.26,-0.95,32.77,27.1,69.3,-42.1,2.2,91.3,1.7,2.1,2.2,2.5,0.1
WA,state,WA,19.36,3.71,22.65,-0.42,18.93,32.2,64.3,-32.1,0.2,67.1,5.0,11.4,11.6,3.7,1.2
WI,state,WI,-0.25,3.71,2.8,-0.66,-0.87,41.2,55.2,-14.0,1.6,81.9,6.4,6.2,3.2,2.2,0.1
WV,state,WV,-41.99,3.71,-39.21,-0.93,-42.69,59.3,37.1,22.2,2.4,90.7,4.4,1.6,1.1,2.0,0.1
WY,state,WY,-46.63,3.71,-43.56,-0.64,-46.96,60.7,35.7,25.0,1.2,84.1,1.3,8.7,1.5,4.2,0.2
