race_code,round,dem,rep,other,exhausted,eliminated
AK-GOV,1,44.38,47.62,8.0,0.0,
AK-GOV,2,47.74,50.66,0.0,1.6,Other
AK-SEN,1,45.47,46.53,8.0,0.0,
AK-SEN,2,48.83,49.57,0.0,1.6,Other
ME-SEN,1,47.59,47.41,5.0,0.0,
ME-SEN,2,49.69,49.31,0.0,1.0,Other
AK-01,1,44.47,47.53,8.0,0.0,
AK-01,2,47.83,50.57,0.0,1.6,Other
ME-01,1,61.48,33.52,5.0,0.0,
ME-01,2,63.58,35.42,0.0,1.0,Other
ME-02,1,49.83,45.17,5.0,0.0,
ME-02,2,51.93,47.07,0.0,1.0,Other
