race_code,round,dem,rep,other,exhausted,eliminated
AK-GOV,1,43.6,48.4,8.0,0.0,
AK-GOV,2,46.96,51.44,0.0,1.6,Other
AK-SEN,1,44.52,47.48,8.0,0.0,
AK-SEN,2,47.88,50.52,0.0,1.6,Other
ME-SEN,1,46.75,48.25,5.0,0.0,
ME-SEN,2,48.85,50.15,0.0,1.0,Other
AK-01,1,43.34,48.66,8.0,0.0,
AK-01,2,46.7,51.7,0.0,1.6,Other
ME-01,1,60.15,34.85,5.0,0.0,
ME-01,2,62.25,36.75,0.0,1.0,Other
ME-02,1,48.75,46.25,5.0,0.0,
ME-02,2,50.85,48.15,0.0,1.0,Other
