race_code,round,dem,rep,other,exhausted,eliminated
AK-GOV,1,41.63,50.37,8.0,0.0,
AK-GOV,2,44.99,53.41,0.0,1.6,Other
AK-SEN,1,44.13,47.87,8.0,0.0,
AK-SEN,2,47.49,50.91,0.0,1.6,Other
ME-SEN,1,46.86,48.14,5.0,0.0,
ME-SEN,2,48.96,50.04,0.0,1.0,Other
AK-01,1,45.59,46.41,8.0,0.0,
AK-01,2,48.95,49.45,0.0,1.6,Other
ME-01,1,61.27,33.73,5.0,0.0,
ME-01,2,63.37,35.63,0.0,1.0,Other
ME-02,1,50.65,44.35,5.0,0.0,
ME-02,2,52.75,46.25,0.0,1.0,Other
