race_code,round,dem,rep,other,exhausted,eliminated
AK-GOV,1,41.16,50.84,8.0,0.0,
AK-GOV,2,44.52,53.88,0.0,1.6,Other
AK-SEN,1,44.49,47.51,8.0,0.0,
AK-SEN,2,47.85,50.55,0.0,1.6,Other
ME-SEN,1,47.58,47.42,5.0,0.0,
ME-SEN,2,49.68,49.32,0.0,1.0,Other
AK-01,1,41.53,50.47,8.0,0.0,
AK-01,2,45.13,53.27,0.0,1.6,Other
ME-01,1,60.86,34.14,5.0,0.0,
ME-01,2,62.96,36.04,0.0,1.0,Other
ME-02,1,45.29,49.71,5.0,0.0,
ME-02,2,47.39,51.61,0.0,1.0,Other
