race_code,round,dem,rep,other,exhausted,eliminated
AK-GOV,1,40.88,51.12,8.0,0.0,
AK-GOV,2,44.24,54.16,0.0,1.6,Other
AK-SEN,1,43.93,48.07,8.0,0.0,
AK-SEN,2,47.29,51.11,0.0,1.6,Other
ME-SEN,1,46.48,48.52,5.0,0.0,
ME-SEN,2,48.58,50.42,0.0,1.0,Other
AK-01,1,41.11,50.89,8.0,0.0,
AK-01,2,44.71,53.69,0.0,1.6,Other
ME-01,1,61.1,33.9,5.0,0.0,
ME-01,2,63.2,35.8,0.0,1.0,Other
ME-02,1,44.27,50.73,5.0,0.0,
ME-02,2,46.37,52.63,0.0,1.0,Other
