race_code,round,dem,rep,other,exhausted,eliminated
AK-GOV,1,43.63,48.37,8.0,0.0,
AK-GOV,2,46.99,51.41,0.0,1.6,Other
AK-SEN,1,44.94,47.06,8.0,0.0,
AK-SEN,2,48.3,50.1,0.0,1.6,Other
ME-SEN,1,46.86,48.14,5.0,0.0,
ME-SEN,2,48.96,50.04,0.0,1.0,Other
AK-01,1,45.14,46.86,8.0,0.0,
AK-01,2,48.5,49.9,0.0,1.6,Other
ME-01,1,60.96,34.04,5.0,0.0,
ME-01,2,63.06,35.94,0.0,1.0,Other
ME-02,1,49.51,45.49,5.0,0.0,
ME-02,2,51.61,47.39,0.0,1.0,Other
