race_code,round,dem,rep,other,exhausted,eliminated
AK-GOV,1,42.82,49.18,8.0,0.0,
AK-GOV,2,46.18,52.22,0.0,1.6,Other
AK-SEN,1,43.88,48.12,8.0,0.0,
AK-SEN,2,47.24,51.16,0.0,1.6,Other
ME-SEN,1,45.96,49.04,5.0,0.0,
ME-SEN,2,48.06,50.94,0.0,1.0,Other
AK-01,1,43.97,48.03,8.0,0.0,
AK-01,2,47.33,51.07,0.0,1.6,Other
ME-01,1,59.72,35.28,5.0,0.0,
ME-01,2,61.82,37.18,0.0,1.0,Other
ME-02,1,48.47,46.53,5.0,0.0,
ME-02,2,50.57,48.43,0.0,1.0,Other
