race_code,round,dem,rep,other,exhausted,eliminated
AK-GOV,1,41.4,50.6,8.0,0.0,
AK-GOV,2,44.76,53.64,0.0,1.6,Other
AK-SEN,1,43.85,48.15,8.0,0.0,
AK-SEN,2,47.21,51.19,0.0,1.6,Other
ME-SEN,1,46.56,48.44,5.0,0.0,
ME-SEN,2,48.66,50.34,0.0,1.0,Other
AK-01,1,45.32,46.68,8.0,0.0,
AK-01,2,48.68,49.72,0.0,1.6,Other
ME-01,1,60.97,34.03,5.0,0.0,
ME-01,2,63.07,35.93,0.0,1.0,Other
ME-02,1,50.35,44.65,5.0,0.0,
ME-02,2,52.45,46.55,0.0,1.0,Other
