race_code,round,dem,rep,other,exhausted,eliminated
AK-GOV,1,43.87,48.13,8.0,0.0,
AK-GOV,2,47.23,51.17,0.0,1.6,Other
AK-SEN,1,45.91,46.09,8.0,0.0,
AK-SEN,2,49.27,49.13,0.0,1.6,Other
ME-SEN,1,48.22,46.78,5.0,0.0,
ME-SEN,2,50.32,48.68,0.0,1.0,Other
AK-01,1,45.61,46.39,8.0,0.0,
AK-01,2,48.97,49.43,0.0,1.6,Other
ME-01,1,62.16,32.84,5.0,0.0,
ME-01,2,64.26,34.74,0.0,1.0,Other
ME-02,1,50.38,44.62,5.0,0.0,
ME-02,2,52.48,46.52,0.0,1.0,Other
