race_code,round,dem,rep,other,exhausted,eliminated
AK-GOV,1,43.1,48.9,8.0,0.0,
AK-GOV,2,46.46,51.94,0.0,1.6,Other
AK-SEN,1,45.06,46.94,8.0,0.0,
AK-SEN,2,48.42,49.98,0.0,1.6,Other
ME-SEN,1,47.39,47.61,5.0,0.0,
ME-SEN,2,49.49,49.51,0.0,1.0,Other
AK-01,1,44.6,47.4,8.0,0.0,
AK-01,2,47.96,50.44,0.0,1.6,Other
ME-01,1,60.94,34.06,5.0,0.0,
ME-01,2,63.04,35.96,0.0,1.0,Other
ME-02,1,49.41,45.59,5.0,0.0,
ME-02,2,51.51,47.49,0.0,1.0,Other
