race_code,round,dem,rep,other,exhausted,eliminated
AK-GOV,1,41.64,50.36,8.0,0.0,
AK-GOV,2,45.0,53.4,0.0,1.6,Other
AK-SEN,1,45.23,46.77,8.0,0.0,
AK-SEN,2,48.59,49.81,0.0,1.6,Other
ME-SEN,1,48.11,46.89,5.0,0.0,
ME-SEN,2,50.21,48.79,0.0,1.0,Other
AK-01,1,42.08,49.92,8.0,0.0,
AK-01,2,45.68,52.72,0.0,1.6,Other
ME-01,1,62.31,32.69,5.0,0.0,
ME-01,2,64.41,34.59,0.0,1.0,Other
ME-02,1,45.59,49.41,5.0,0.0,
ME-02,2,47.69,51.31,0.0,1.0,Other
