race_code,round,dem,rep,other,exhausted,eliminated
AK-GOV,1,42.13,49.87,8.0,0.0,
AK-GOV,2,45.49,52.91,0.0,1.6,Other
AK-SEN,1,44.82,47.18,8.0,0.0,
AK-SEN,2,48.18,50.22,0.0,1.6,Other
ME-SEN,1,47.5,47.5,5.0,0.0,
ME-SEN,2,49.6,49.4,0.0,1.0,Other
AK-01,1,46.42,45.58,8.0,0.0,
AK-01,2,49.78,48.62,0.0,1.6,Other
ME-01,1,62.04,32.96,5.0,0.0,
ME-01,2,64.14,34.86,0.0,1.0,Other
ME-02,1,51.42,43.58,5.0,0.0,
ME-02,2,53.52,45.48,0.0,1.0,Other
