race_code,round,dem,rep,other,exhausted,eliminated
AK-GOV,1,41.66,50.34,8.0,0.0,
AK-GOV,2,45.02,53.38,0.0,1.6,Other
AK-SEN,1,45.15,46.85,8.0,0.0,
AK-SEN,2,48.51,49.89,0.0,1.6,Other
ME-SEN,1,48.05,46.95,5.0,0.0,
ME-SEN,2,50.15,48.85,0.0,1.0,Other
AK-01,1,42.06,49.94,8.0,0.0,
AK-01,2,45.66,52.74,0.0,1.6,Other
ME-01,1,61.63,33.37,5.0,0.0,
ME-01,2,63.73,35.27,0.0,1.0,Other
ME-02,1,46.03,48.97,5.0,0.0,
ME-02,2,48.13,50.87,0.0,1.0,Other
