race_code,round,dem,rep,other,exhausted,eliminated
AK-GOV,1,43.56,48.44,8.0,0.0,
AK-GOV,2,46.92,51.48,0.0,1.6,Other
AK-SEN,1,44.31,47.69,8.0,0.0,
AK-SEN,2,47.67,50.73,0.0,1.6,Other
ME-SEN,1,46.47,48.53,5.0,0.0,
ME-SEN,2,48.57,50.43,0.0,1.0,Other
AK-01,1,43.33,48.67,8.0,0.0,
AK-01,2,46.69,51.71,0.0,1.6,Other
ME-01,1,60.02,34.98,5.0,0.0,
ME-01,2,62.12,36.88,0.0,1.0,Other
ME-02,1,48.65,46.35,5.0,0.0,
ME-02,2,50.75,48.25,0.0,1.0,Other
