race_code,round,dem,rep,other,exhausted,eliminated
AK-GOV,1,41.07,50.93,8.0,0.0,
AK-GOV,2,44.43,53.97,0.0,1.6,Other
AK-SEN,1,44.07,47.93,8.0,0.0,
AK-SEN,2,47.43,50.97,0.0,1.6,Other
ME-SEN,1,47.26,47.74,5.0,0.0,
ME-SEN,2,49.36,49.64,0.0,1.0,Other
AK-01,1,41.43,50.57,8.0,0.0,
AK-01,2,45.03,53.37,0.0,1.6,Other
ME-01,1,60.7,34.3,5.0,0.0,
ME-01,2,62.8,36.2,0.0,1.0,Other
ME-02,1,45.16,49.84,5.0,0.0,
ME-02,2,47.26,51.74,0.0,1.0,Other
