race_code,round,dem,rep,other,exhausted,eliminated
AK-GOV,1,44.35,47.65,8.0,0.0,
AK-GOV,2,47.71,50.69,0.0,1.6,Other
AK-SEN,1,45.17,46.83,8.0,0.0,
AK-SEN,2,48.53,49.87,0.0,1.6,Other
ME-SEN,1,47.32,47.68,5.0,0.0,
ME-SEN,2,49.42,49.58,0.0,1.0,Other
AK-01,1,44.27,47.73,8.0,0.0,
AK-01,2,47.63,50.77,0.0,1.6,Other
ME-01,1,61.29,33.71,5.0,0.0,
ME-01,2,63.39,35.61,0.0,1.0,Other
ME-02,1,49.68,45.32,5.0,0.0,
ME-02,2,51.78,47.22,0.0,1.0,Other
