race_code,round,dem,rep,other,exhausted,eliminated
AK-GOV,1,40.93,51.07,8.0,0.0,
AK-GOV,2,44.29,54.11,0.0,1.6,Other
AK-SEN,1,44.03,47.97,8.0,0.0,
AK-SEN,2,47.39,51.01,0.0,1.6,Other
ME-SEN,1,47.24,47.76,5.0,0.0,
ME-SEN,2,49.34,49.66,0.0,1.0,Other
AK-01,1,41.16,50.84,8.0,0.0,
AK-01,2,44.76,53.64,0.0,1.6,Other
ME-01,1,61.3,33.7,5.0,0.0,
ME-01,2,63.4,35.6,0.0,1.0,Other
ME-02,1,44.64,50.36,5.0,0.0,
ME-02,2,46.74,52.26,0.0,1.0,Other
