race_code,round,dem,rep,other,exhausted,eliminated
AK-GOV,1,43.46,48.54,8.0,0.0,
AK-GOV,2,46.82,51.58,0.0,1.6,Other
AK-SEN,1,44.22,47.78,8.0,0.0,
AK-SEN,2,47.58,50.82,0.0,1.6,Other
ME-SEN,1,46.41,48.59,5.0,0.0,
ME-SEN,2,48.51,50.49,0.0,1.0,Other
AK-01,1,44.54,47.46,8.0,0.0,
AK-01,2,47.9,50.5,0.0,1.6,Other
ME-01,1,59.91,35.09,5.0,0.0,
ME-01,2,62.01,36.99,0.0,1.0,Other
ME-02,1,48.67,46.33,5.0,0.0,
ME-02,2,50.77,48.23,0.0,1.0,Other
