race_code,round,dem,rep,other,exhausted,eliminated
AK-GOV,1,41.47,50.53,8.0,0.0,
AK-GOV,2,44.83,53.57,0.0,1.6,Other
AK-SEN,1,43.93,48.07,8.0,0.0,
AK-SEN,2,47.29,51.11,0.0,1.6,Other
ME-SEN,1,46.65,48.35,5.0,0.0,
ME-SEN,2,48.75,50.25,0.0,1.0,Other
AK-01,1,45.35,46.65,8.0,0.0,
AK-01,2,48.71,49.69,0.0,1.6,Other
ME-01,1,61.01,33.99,5.0,0.0,
ME-01,2,63.11,35.89,0.0,1.0,Other
ME-02,1,50.39,44.61,5.0,0.0,
ME-02,2,52.49,46.51,0.0,1.0,Other
