race_code,round,dem,rep,other,exhausted,eliminated
AK-GOV,1,44.25,47.75,8.0,0.0,
AK-GOV,2,47.61,50.79,0.0,1.6,Other
AK-SEN,1,45.1,46.9,8.0,0.0,
AK-SEN,2,48.46,49.94,0.0,1.6,Other
ME-SEN,1,47.29,47.71,5.0,0.0,
ME-SEN,2,49.39,49.61,0.0,1.0,Other
AK-01,1,45.53,46.47,8.0,0.0,
AK-01,2,48.89,49.51,0.0,1.6,Other
ME-01,1,61.18,33.82,5.0,0.0,
ME-01,2,63.28,35.72,0.0,1.0,Other
ME-02,1,49.71,45.29,5.0,0.0,
ME-02,2,51.81,47.19,0.0,1.0,Other
