race_code,round,dem,rep,other,exhausted,eliminated
AK-GOV,1,43.46,48.54,8.0,0.0,
AK-GOV,2,46.82,51.58,0.0,1.6,Other
AK-SEN,1,44.2,47.8,8.0,0.0,
AK-SEN,2,47.56,50.84,0.0,1.6,Other
ME-SEN,1,46.41,48.59,5.0,0.0,
ME-SEN,2,48.51,50.49,0.0,1.0,Other
AK-01,1,44.48,47.52,8.0,0.0,
AK-01,2,47.84,50.56,0.0,1.6,Other
ME-01,1,59.88,35.12,5.0,0.0,
ME-01,2,61.98,37.02,0.0,1.0,Other
ME-02,1,48.65,46.35,5.0,0.0,
ME-02,2,50.75,48.25,0.0,1.0,Other
