race_code,round,dem,rep,other,exhausted,eliminated
AK-GOV,1,42.99,49.01,8.0,0.0,
AK-GOV,2,46.35,52.05,0.0,1.6,Other
AK-SEN,1,44.95,47.05,8.0,0.0,
AK-SEN,2,48.31,50.09,0.0,1.6,Other
ME-SEN,1,47.09,47.91,5.0,0.0,
ME-SEN,2,49.19,49.81,0.0,1.0,Other
AK-01,1,43.65,48.35,8.0,0.0,
AK-01,2,47.01,51.39,0.0,1.6,Other
ME-01,1,60.62,34.38,5.0,0.0,
ME-01,2,62.72,36.28,0.0,1.0,Other
ME-02,1,48.75,46.25,5.0,0.0,
ME-02,2,50.85,48.15,0.0,1.0,Other
