race_code,round,dem,rep,other,exhausted,eliminated
AK-GOV,1,42.99,49.01,8.0,0.0,
AK-GOV,2,46.35,52.05,0.0,1.6,Other
AK-SEN,1,44.97,47.03,8.0,0.0,
AK-SEN,2,48.33,50.07,0.0,1.6,Other
ME-SEN,1,47.09,47.91,5.0,0.0,
ME-SEN,2,49.19,49.81,0.0,1.0,Other
AK-01,1,43.66,48.34,8.0,0.0,
AK-01,2,47.02,51.38,0.0,1.6,Other
ME-01,1,60.69,34.31,5.0,0.0,
ME-01,2,62.79,36.21,0.0,1.0,Other
ME-02,1,48.8,46.2,5.0,0.0,
ME-02,2,50.9,48.1,0.0,1.0,Other
