race_code,round,dem,rep,other,exhausted,eliminated
AK-GOV,1,41.54,50.46,8.0,0.0,
AK-GOV,2,44.9,53.5,0.0,1.6,Other
AK-SEN,1,45.06,46.94,8.0,0.0,
AK-SEN,2,48.42,49.98,0.0,1.6,Other
ME-SEN,1,47.94,47.06,5.0,0.0,
ME-SEN,2,50.04,48.96,0.0,1.0,Other
AK-01,1,41.99,50.01,8.0,0.0,
AK-01,2,45.59,52.81,0.0,1.6,Other
ME-01,1,61.4,33.6,5.0,0.0,
ME-01,2,63.5,35.5,0.0,1.0,Other
ME-02,1,45.53,49.47,5.0,0.0,
ME-02,2,47.63,51.37,0.0,1.0,Other
