race_code,round,dem,rep,other,exhausted,eliminated
AK-GOV,1,41.53,50.47,8.0,0.0,
AK-GOV,2,44.89,53.51,0.0,1.6,Other
AK-SEN,1,45.09,46.91,8.0,0.0,
AK-SEN,2,48.45,49.95,0.0,1.6,Other
ME-SEN,1,48.0,47.0,5.0,0.0,
ME-SEN,2,50.1,48.9,0.0,1.0,Other
AK-01,1,41.99,50.01,8.0,0.0,
AK-01,2,45.59,52.81,0.0,1.6,Other
ME-01,1,62.19,32.81,5.0,0.0,
ME-01,2,64.29,34.71,0.0,1.0,Other
ME-02,1,45.17,49.83,5.0,0.0,
ME-02,2,47.27,51.73,0.0,1.0,Other
