race_code,round,dem,rep,other,exhausted,eliminated
AK-GOV,1,43.76,48.24,8.0,0.0,
AK-GOV,2,47.12,51.28,0.0,1.6,Other
AK-SEN,1,45.81,46.19,8.0,0.0,
AK-SEN,2,49.17,49.23,0.0,1.6,Other
ME-SEN,1,47.93,47.07,5.0,0.0,
ME-SEN,2,50.03,48.97,0.0,1.0,Other
AK-01,1,44.63,47.37,8.0,0.0,
AK-01,2,47.99,50.41,0.0,1.6,Other
ME-01,1,61.96,33.04,5.0,0.0,
ME-01,2,64.06,34.94,0.0,1.0,Other
ME-02,1,49.81,45.19,5.0,0.0,
ME-02,2,51.91,47.09,0.0,1.0,Other
