race_code,round,dem,rep,other,exhausted,eliminated
AK-GOV,1,41.75,50.25,8.0,0.0,
AK-GOV,2,45.11,53.29,0.0,1.6,Other
AK-SEN,1,44.75,47.25,8.0,0.0,
AK-SEN,2,48.11,50.29,0.0,1.6,Other
ME-SEN,1,47.56,47.44,5.0,0.0,
ME-SEN,2,49.66,49.34,0.0,1.0,Other
AK-01,1,42.17,49.83,8.0,0.0,
AK-01,2,45.77,52.63,0.0,1.6,Other
ME-01,1,62.38,32.62,5.0,0.0,
ME-01,2,64.48,34.52,0.0,1.0,Other
ME-02,1,44.69,50.31,5.0,0.0,
ME-02,2,46.79,52.21,0.0,1.0,Other
