race_code,round,dem,rep,other,exhausted,eliminated
AK-GOV,1,41.75,50.25,8.0,0.0,
AK-GOV,2,45.11,53.29,0.0,1.6,Other
AK-SEN,1,44.69,47.31,8.0,0.0,
AK-SEN,2,48.05,50.35,0.0,1.6,Other
ME-SEN,1,47.56,47.44,5.0,0.0,
ME-SEN,2,49.66,49.34,0.0,1.0,Other
AK-01,1,42.07,49.93,8.0,0.0,
AK-01,2,45.67,52.73,0.0,1.6,Other
ME-01,1,62.38,32.62,5.0,0.0,
ME-01,2,64.48,34.52,0.0,1.0,Other
ME-02,1,44.68,50.32,5.0,0.0,
ME-02,2,46.78,52.22,0.0,1.0,Other
