race_code,round,dem,rep,other,exhausted,eliminated
AK-GOV,1,40.92,51.08,8.0,0.0,
AK-GOV,2,44.28,54.12,0.0,1.6,Other
AK-SEN,1,44.05,47.95,8.0,0.0,
AK-SEN,2,47.41,50.99,0.0,1.6,Other
ME-SEN,1,46.56,48.44,5.0,0.0,
ME-SEN,2,48.66,50.34,0.0,1.0,Other
AK-01,1,41.25,50.75,8.0,0.0,
AK-01,2,44.85,53.55,0.0,1.6,Other
ME-01,1,61.14,33.86,5.0,0.0,
ME-01,2,63.24,35.76,0.0,1.0,Other
ME-02,1,44.3,50.7,5.0,0.0,
ME-02,2,46.4,52.6,0.0,1.0,Other
