race_code,round,dem,rep,other,exhausted,eliminated
AK-GOV,1,43.45,48.55,8.0,0.0,
AK-GOV,2,46.81,51.59,0.0,1.6,Other
AK-SEN,1,44.14,47.86,8.0,0.0,
AK-SEN,2,47.5,50.9,0.0,1.6,Other
ME-SEN,1,45.97,49.03,5.0,0.0,
ME-SEN,2,48.07,50.93,0.0,1.0,Other
AK-01,1,44.34,47.66,8.0,0.0,
AK-01,2,47.7,50.7,0.0,1.6,Other
ME-01,1,59.75,35.25,5.0,0.0,
ME-01,2,61.85,37.15,0.0,1.0,Other
ME-02,1,48.5,46.5,5.0,0.0,
ME-02,2,50.6,48.4,0.0,1.0,Other
