race_code,round,dem,rep,other,exhausted,eliminated
AK-GOV,1,43.45,48.55,8.0,0.0,
AK-GOV,2,46.81,51.59,0.0,1.6,Other
AK-SEN,1,44.17,47.83,8.0,0.0,
AK-SEN,2,47.53,50.87,0.0,1.6,Other
ME-SEN,1,45.97,49.03,5.0,0.0,
ME-SEN,2,48.07,50.93,0.0,1.0,Other
AK-01,1,44.43,47.57,8.0,0.0,
AK-01,2,47.79,50.61,0.0,1.6,Other
ME-01,1,59.74,35.26,5.0,0.0,
ME-01,2,61.84,37.16,0.0,1.0,Other
ME-02,1,48.49,46.51,5.0,0.0,
ME-02,2,50.59,48.41,0.0,1.0,Other
