race_code,round,dem,rep,other,exhausted,eliminated
AK-GOV,1,41.45,50.55,8.0,0.0,
AK-GOV,2,44.81,53.59,0.0,1.6,Other
AK-SEN,1,43.81,48.19,8.0,0.0,
AK-SEN,2,47.17,51.23,0.0,1.6,Other
ME-SEN,1,46.62,48.38,5.0,0.0,
ME-SEN,2,48.72,50.28,0.0,1.0,Other
AK-01,1,45.25,46.75,8.0,0.0,
AK-01,2,48.61,49.79,0.0,1.6,Other
ME-01,1,60.95,34.05,5.0,0.0,
ME-01,2,63.05,35.95,0.0,1.0,Other
ME-02,1,50.33,44.67,5.0,0.0,
ME-02,2,52.43,46.57,0.0,1.0,Other
