race_code,round,dem,rep,other,exhausted,eliminated
AK-GOV,1,41.55,50.45,8.0,0.0,
AK-GOV,2,44.91,53.49,0.0,1.6,Other
AK-SEN,1,45.11,46.89,8.0,0.0,
AK-SEN,2,48.47,49.93,0.0,1.6,Other
ME-SEN,1,47.95,47.05,5.0,0.0,
ME-SEN,2,50.05,48.95,0.0,1.0,Other
AK-01,1,42.04,49.96,8.0,0.0,
AK-01,2,45.64,52.76,0.0,1.6,Other
ME-01,1,61.42,33.58,5.0,0.0,
ME-01,2,63.52,35.48,0.0,1.0,Other
ME-02,1,45.55,49.45,5.0,0.0,
ME-02,2,47.65,51.35,0.0,1.0,Other
