race_code,round,dem,rep,other,exhausted,eliminated
AK-GOV,1,42.99,49.01,8.0,0.0,
AK-GOV,2,46.35,52.05,0.0,1.6,Other
AK-SEN,1,44.96,47.04,8.0,0.0,
AK-SEN,2,48.32,50.08,0.0,1.6,Other
ME-SEN,1,47.09,47.91,5.0,0.0,
ME-SEN,2,49.19,49.81,0.0,1.0,Other
AK-01,1,43.7,48.3,8.0,0.0,
AK-01,2,47.06,51.34,0.0,1.6,Other
ME-01,1,60.71,34.29,5.0,0.0,
ME-01,2,62.81,36.19,0.0,1.0,Other
ME-02,1,48.82,46.18,5.0,0.0,
ME-02,2,50.92,48.08,0.0,1.0,Other
