race_code,round,dem,rep,other,exhausted,eliminated
AK-GOV,1,41.54,50.46,8.0,0.0,
AK-GOV,2,44.9,53.5,0.0,1.6,Other
AK-SEN,1,45.19,46.81,8.0,0.0,
AK-SEN,2,48.55,49.85,0.0,1.6,Other
ME-SEN,1,48.01,46.99,5.0,0.0,
ME-SEN,2,50.11,48.89,0.0,1.0,Other
AK-01,1,42.02,49.98,8.0,0.0,
AK-01,2,45.62,52.78,0.0,1.6,Other
ME-01,1,62.23,32.77,5.0,0.0,
ME-01,2,64.33,34.67,0.0,1.0,Other
ME-02,1,45.21,49.79,5.0,0.0,
ME-02,2,47.31,51.69,0.0,1.0,Other
