race_code,round,dem,rep,other,exhausted,eliminated
AK-GOV,1,41.53,50.47,8.0,0.0,
AK-GOV,2,44.89,53.51,0.0,1.6,Other
AK-SEN,1,44.06,47.94,8.0,0.0,
AK-SEN,2,47.42,50.98,0.0,1.6,Other
ME-SEN,1,46.73,48.27,5.0,0.0,
ME-SEN,2,48.83,50.17,0.0,1.0,Other
AK-01,1,45.44,46.56,8.0,0.0,
AK-01,2,48.8,49.6,0.0,1.6,Other
ME-01,1,61.13,33.87,5.0,0.0,
ME-01,2,63.23,35.77,0.0,1.0,Other
ME-02,1,50.51,44.49,5.0,0.0,
ME-02,2,52.61,46.39,0.0,1.0,Other
