race_code,round,dem,rep,other,exhausted,eliminated
AK-GOV,1,41.0,51.0,8.0,0.0,
AK-GOV,2,44.36,54.04,0.0,1.6,Other
AK-SEN,1,44.11,47.89,8.0,0.0,
AK-SEN,2,47.47,50.93,0.0,1.6,Other
ME-SEN,1,47.27,47.73,5.0,0.0,
ME-SEN,2,49.37,49.63,0.0,1.0,Other
AK-01,1,41.27,50.73,8.0,0.0,
AK-01,2,44.87,53.53,0.0,1.6,Other
ME-01,1,61.48,33.52,5.0,0.0,
ME-01,2,63.58,35.42,0.0,1.0,Other
ME-02,1,44.13,50.87,5.0,0.0,
ME-02,2,46.23,52.77,0.0,1.0,Other
