race_code,round,dem,rep,other,exhausted,eliminated
AK-GOV,1,43.52,48.48,8.0,0.0,
AK-GOV,2,46.88,51.52,0.0,1.6,Other
AK-SEN,1,44.24,47.76,8.0,0.0,
AK-SEN,2,47.6,50.8,0.0,1.6,Other
ME-SEN,1,46.41,48.59,5.0,0.0,
ME-SEN,2,48.51,50.49,0.0,1.0,Other
AK-01,1,44.54,47.46,8.0,0.0,
AK-01,2,47.9,50.5,0.0,1.6,Other
ME-01,1,59.96,35.04,5.0,0.0,
ME-01,2,62.06,36.94,0.0,1.0,Other
ME-02,1,48.6,46.4,5.0,0.0,
ME-02,2,50.7,48.3,0.0,1.0,Other
