race_code,round,dem,rep,other,exhausted,eliminated
AK-GOV,1,41.01,50.99,8.0,0.0,
AK-GOV,2,44.37,54.03,0.0,1.6,Other
AK-SEN,1,44.03,47.97,8.0,0.0,
AK-SEN,2,47.39,51.01,0.0,1.6,Other
ME-SEN,1,47.2,47.8,5.0,0.0,
ME-SEN,2,49.3,49.7,0.0,1.0,Other
AK-01,1,41.32,50.68,8.0,0.0,
AK-01,2,44.92,53.48,0.0,1.6,Other
ME-01,1,60.59,34.41,5.0,0.0,
ME-01,2,62.69,36.31,0.0,1.0,Other
ME-02,1,45.07,49.93,5.0,0.0,
ME-02,2,47.17,51.83,0.0,1.0,Other
