race_code,round,dem,rep,other,exhausted,eliminated
AK-GOV,1,43.52,48.48,8.0,0.0,
AK-GOV,2,46.88,51.52,0.0,1.6,Other
AK-SEN,1,44.21,47.79,8.0,0.0,
AK-SEN,2,47.57,50.83,0.0,1.6,Other
ME-SEN,1,46.41,48.59,5.0,0.0,
ME-SEN,2,48.51,50.49,0.0,1.0,Other
AK-01,1,44.48,47.52,8.0,0.0,
AK-01,2,47.84,50.56,0.0,1.6,Other
ME-01,1,60.05,34.95,5.0,0.0,
ME-01,2,62.15,36.85,0.0,1.0,Other
ME-02,1,48.68,46.32,5.0,0.0,
ME-02,2,50.78,48.22,0.0,1.0,Other
