race_code,round,dem,rep,other,exhausted,eliminated
AK-GOV,1,42.77,49.23,8.0,0.0,
AK-GOV,2,46.13,52.27,0.0,1.6,Other
AK-SEN,1,44.64,47.36,8.0,0.0,
AK-SEN,2,48.0,50.4,0.0,1.6,Other
ME-SEN,1,46.83,48.17,5.0,0.0,
ME-SEN,2,48.93,50.07,0.0,1.0,Other
AK-01,1,43.34,48.66,8.0,0.0,
AK-01,2,46.7,51.7,0.0,1.6,Other
ME-01,1,60.31,34.69,5.0,0.0,
ME-01,2,62.41,36.59,0.0,1.0,Other
ME-02,1,48.88,46.12,5.0,0.0,
ME-02,2,50.98,48.02,0.0,1.0,Other
