race_code,round,dem,rep,other,exhausted,eliminated
AK-GOV,1,41.71,50.29,8.0,0.0,
AK-GOV,2,45.07,53.33,0.0,1.6,Other
AK-SEN,1,44.24,47.76,8.0,0.0,
AK-SEN,2,47.6,50.8,0.0,1.6,Other
ME-SEN,1,46.96,48.04,5.0,0.0,
ME-SEN,2,49.06,49.94,0.0,1.0,Other
AK-01,1,45.71,46.29,8.0,0.0,
AK-01,2,49.07,49.33,0.0,1.6,Other
ME-01,1,61.46,33.54,5.0,0.0,
ME-01,2,63.56,35.44,0.0,1.0,Other
ME-02,1,50.84,44.16,5.0,0.0,
ME-02,2,52.94,46.06,0.0,1.0,Other
