race_code,round,dem,rep,other,exhausted,eliminated
AK-GOV,1,42.77,49.23,8.0,0.0,
AK-GOV,2,46.13,52.27,0.0,1.6,Other
AK-SEN,1,44.65,47.35,8.0,0.0,
AK-SEN,2,48.01,50.39,0.0,1.6,Other
ME-SEN,1,46.83,48.17,5.0,0.0,
ME-SEN,2,48.93,50.07,0.0,1.0,Other
AK-01,1,43.32,48.68,8.0,0.0,
AK-01,2,46.68,51.72,0.0,1.6,Other
ME-01,1,60.22,34.78,5.0,0.0,
ME-01,2,62.32,36.68,0.0,1.0,Other
ME-02,1,48.81,46.19,5.0,0.0,
ME-02,2,50.91,48.09,0.0,1.0,Other
