race_code,round,dem,rep,other,exhausted,eliminated
AK-GOV,1,43.54,48.46,8.0,0.0,
AK-GOV,2,46.9,51.5,0.0,1.6,Other
AK-SEN,1,45.6,46.4,8.0,0.0,
AK-SEN,2,48.96,49.44,0.0,1.6,Other
ME-SEN,1,47.67,47.33,5.0,0.0,
ME-SEN,2,49.77,49.23,0.0,1.0,Other
AK-01,1,44.35,47.65,8.0,0.0,
AK-01,2,47.71,50.69,0.0,1.6,Other
ME-01,1,61.53,33.47,5.0,0.0,
ME-01,2,63.63,35.37,0.0,1.0,Other
ME-02,1,49.87,45.13,5.0,0.0,
ME-02,2,51.97,47.03,0.0,1.0,Other
