race_code,round,dem,rep,other,exhausted,eliminated
AK-GOV,1,41.21,50.79,8.0,0.0,
AK-GOV,2,44.57,53.83,0.0,1.6,Other
AK-SEN,1,44.85,47.15,8.0,0.0,
AK-SEN,2,48.21,50.19,0.0,1.6,Other
ME-SEN,1,47.7,47.3,5.0,0.0,
ME-SEN,2,49.8,49.2,0.0,1.0,Other
AK-01,1,41.59,50.41,8.0,0.0,
AK-01,2,45.19,53.21,0.0,1.6,Other
ME-01,1,61.75,33.25,5.0,0.0,
ME-01,2,63.85,35.15,0.0,1.0,Other
ME-02,1,45.02,49.98,5.0,0.0,
ME-02,2,47.12,51.88,0.0,1.0,Other
