race_code,round,dem,rep,other,exhausted,eliminated
AK-GOV,1,41.01,50.99,8.0,0.0,
AK-GOV,2,44.37,54.03,0.0,1.6,Other
AK-SEN,1,44.03,47.97,8.0,0.0,
AK-SEN,2,47.39,51.01,0.0,1.6,Other
ME-SEN,1,47.2,47.8,5.0,0.0,
ME-SEN,2,49.3,49.7,0.0,1.0,Other
AK-01,1,41.21,50.79,8.0,0.0,
AK-01,2,44.81,53.59,0.0,1.6,Other
ME-01,1,60.63,34.37,5.0,0.0,
ME-01,2,62.73,36.27,0.0,1.0,Other
ME-02,1,45.1,49.9,5.0,0.0,
ME-02,2,47.2,51.8,0.0,1.0,Other
