race_code,round,dem,rep,other,exhausted,eliminated
AK-GOV,1,44.3,47.7,8.0,0.0,
AK-GOV,2,47.66,50.74,0.0,1.6,Other
AK-SEN,1,45.12,46.88,8.0,0.0,
AK-SEN,2,48.48,49.92,0.0,1.6,Other
ME-SEN,1,47.27,47.73,5.0,0.0,
ME-SEN,2,49.37,49.63,0.0,1.0,Other
AK-01,1,45.47,46.53,8.0,0.0,
AK-01,2,48.83,49.57,0.0,1.6,Other
ME-01,1,61.26,33.74,5.0,0.0,
ME-01,2,63.36,35.64,0.0,1.0,Other
ME-02,1,49.66,45.34,5.0,0.0,
ME-02,2,51.76,47.24,0.0,1.0,Other
