race_code,round,dem,rep,other,exhausted,eliminated
AK-GOV,1,40.97,51.03,8.0,0.0,
AK-GOV,2,44.33,54.07,0.0,1.6,Other
AK-SEN,1,44.09,47.91,8.0,0.0,
AK-SEN,2,47.45,50.95,0.0,1.6,Other
ME-SEN,1,47.15,47.85,5.0,0.0,
ME-SEN,2,49.25,49.75,0.0,1.0,Other
AK-01,1,41.31,50.69,8.0,0.0,
AK-01,2,44.91,53.49,0.0,1.6,Other
ME-01,1,61.3,33.7,5.0,0.0,
ME-01,2,63.4,35.6,0.0,1.0,Other
ME-02,1,44.64,50.36,5.0,0.0,
ME-02,2,46.74,52.26,0.0,1.0,Other
