race_code,round,dem,rep,other,exhausted,eliminated
AK-GOV,1,40.98,51.02,8.0,0.0,
AK-GOV,2,44.34,54.06,0.0,1.6,Other
AK-SEN,1,43.99,48.01,8.0,0.0,
AK-SEN,2,47.35,51.05,0.0,1.6,Other
ME-SEN,1,47.08,47.92,5.0,0.0,
ME-SEN,2,49.18,49.82,0.0,1.0,Other
AK-01,1,41.25,50.75,8.0,0.0,
AK-01,2,44.85,53.55,0.0,1.6,Other
ME-01,1,60.48,34.52,5.0,0.0,
ME-01,2,62.58,36.42,0.0,1.0,Other
ME-02,1,44.97,50.03,5.0,0.0,
ME-02,2,47.07,51.93,0.0,1.0,Other
