race_code,round,dem,rep,other,exhausted,eliminated
AK-GOV,1,41.51,50.49,8.0,0.0,
AK-GOV,2,44.87,53.53,0.0,1.6,Other
AK-SEN,1,44.0,48.0,8.0,0.0,
AK-SEN,2,47.36,51.04,0.0,1.6,Other
ME-SEN,1,46.7,48.3,5.0,0.0,
ME-SEN,2,48.8,50.2,0.0,1.0,Other
AK-01,1,45.4,46.6,8.0,0.0,
AK-01,2,48.76,49.64,0.0,1.6,Other
ME-01,1,61.07,33.93,5.0,0.0,
ME-01,2,63.17,35.83,0.0,1.0,Other
ME-02,1,50.45,44.55,5.0,0.0,
ME-02,2,52.55,46.45,0.0,1.0,Other
