race_code,round,dem,rep,other,exhausted,eliminated
AK-GOV,1,43.5,48.5,8.0,0.0,
AK-GOV,2,46.86,51.54,0.0,1.6,Other
AK-SEN,1,44.15,47.85,8.0,0.0,
AK-SEN,2,47.51,50.89,0.0,1.6,Other
ME-SEN,1,46.38,48.62,5.0,0.0,
ME-SEN,2,48.48,50.52,0.0,1.0,Other
AK-01,1,44.41,47.59,8.0,0.0,
AK-01,2,47.77,50.63,0.0,1.6,Other
ME-01,1,59.94,35.06,5.0,0.0,
ME-01,2,62.04,36.96,0.0,1.0,Other
ME-02,1,48.59,46.41,5.0,0.0,
ME-02,2,50.69,48.31,0.0,1.0,Other
