race_code,round,dem,rep,other,exhausted,eliminated
AK-GOV,1,44.28,47.72,8.0,0.0,
AK-GOV,2,47.64,50.76,0.0,1.6,Other
AK-SEN,1,45.18,46.82,8.0,0.0,
AK-SEN,2,48.54,49.86,0.0,1.6,Other
ME-SEN,1,47.25,47.75,5.0,0.0,
ME-SEN,2,49.35,49.65,0.0,1.0,Other
AK-01,1,45.57,46.43,8.0,0.0,
AK-01,2,48.93,49.47,0.0,1.6,Other
ME-01,1,61.22,33.78,5.0,0.0,
ME-01,2,63.32,35.68,0.0,1.0,Other
ME-02,1,49.63,45.37,5.0,0.0,
ME-02,2,51.73,47.27,0.0,1.0,Other
