race_code,round,dem,rep,other,exhausted,eliminated
AK-GOV,1,43.5,48.5,8.0,0.0,
AK-GOV,2,46.86,51.54,0.0,1.6,Other
AK-SEN,1,44.25,47.75,8.0,0.0,
AK-SEN,2,47.61,50.79,0.0,1.6,Other
ME-SEN,1,46.38,48.62,5.0,0.0,
ME-SEN,2,48.48,50.52,0.0,1.0,Other
AK-01,1,44.47,47.53,8.0,0.0,
AK-01,2,47.83,50.57,0.0,1.6,Other
ME-01,1,59.93,35.07,5.0,0.0,
ME-01,2,62.03,36.97,0.0,1.0,Other
ME-02,1,48.58,46.42,5.0,0.0,
ME-02,2,50.68,48.32,0.0,1.0,Other
