race_code,round,dem,rep,other,exhausted,eliminated
AK-GOV,1,44.31,47.69,8.0,0.0,
AK-GOV,2,47.67,50.73,0.0,1.6,Other
AK-SEN,1,45.11,46.89,8.0,0.0,
AK-SEN,2,48.47,49.93,0.0,1.6,Other
ME-SEN,1,47.29,47.71,5.0,0.0,
ME-SEN,2,49.39,49.61,0.0,1.0,Other
AK-01,1,45.6,46.4,8.0,0.0,
AK-01,2,48.96,49.44,0.0,1.6,Other
ME-01,1,61.27,33.73,5.0,0.0,
ME-01,2,63.37,35.63,0.0,1.0,Other
ME-02,1,49.67,45.33,5.0,0.0,
ME-02,2,51.77,47.23,0.0,1.0,Other
