race_code,round,dem,rep,other,exhausted,eliminated
AK-GOV,1,43.52,48.48,8.0,0.0,
AK-GOV,2,46.88,51.52,0.0,1.6,Other
AK-SEN,1,44.26,47.74,8.0,0.0,
AK-SEN,2,47.62,50.78,0.0,1.6,Other
ME-SEN,1,46.43,48.57,5.0,0.0,
ME-SEN,2,48.53,50.47,0.0,1.0,Other
AK-01,1,44.48,47.52,8.0,0.0,
AK-01,2,47.84,50.56,0.0,1.6,Other
ME-01,1,60.01,34.99,5.0,0.0,
ME-01,2,62.11,36.89,0.0,1.0,Other
ME-02,1,48.64,46.36,5.0,0.0,
ME-02,2,50.74,48.26,0.0,1.0,Other
