race_code,round,dem,rep,other,exhausted,eliminated
AK-GOV,1,41.63,50.37,8.0,0.0,
AK-GOV,2,44.99,53.41,0.0,1.6,Other
AK-SEN,1,44.04,47.96,8.0,0.0,
AK-SEN,2,47.4,51.0,0.0,1.6,Other
ME-SEN,1,46.86,48.14,5.0,0.0,
ME-SEN,2,48.96,50.04,0.0,1.0,Other
AK-01,1,45.5,46.5,8.0,0.0,
AK-01,2,48.86,49.54,0.0,1.6,Other
ME-01,1,61.3,33.7,5.0,0.0,
ME-01,2,63.4,35.6,0.0,1.0,Other
ME-02,1,50.68,44.32,5.0,0.0,
ME-02,2,52.78,46.22,0.0,1.0,Other
