race_code,round,dem,rep,other,exhausted,eliminated
AK-GOV,1,41.15,50.85,8.0,0.0,
AK-GOV,2,44.51,53.89,0.0,1.6,Other
AK-SEN,1,44.58,47.42,8.0,0.0,
AK-SEN,2,47.94,50.46,0.0,1.6,Other
ME-SEN,1,47.65,47.35,5.0,0.0,
ME-SEN,2,49.75,49.25,0.0,1.0,Other
AK-01,1,41.56,50.44,8.0,0.0,
AK-01,2,45.16,53.24,0.0,1.6,Other
ME-01,1,61.67,33.33,5.0,0.0,
ME-01,2,63.77,35.23,0.0,1.0,Other
ME-02,1,44.29,50.71,5.0,0.0,
ME-02,2,46.39,52.61,0.0,1.0,Other
