race_code,round,dem,rep,other,exhausted,eliminated
AK-GOV,1,41.15,50.85,8.0,0.0,
AK-GOV,2,44.51,53.89,0.0,1.6,Other
AK-SEN,1,44.52,47.48,8.0,0.0,
AK-SEN,2,47.88,50.52,0.0,1.6,Other
ME-SEN,1,47.65,47.35,5.0,0.0,
ME-SEN,2,49.75,49.25,0.0,1.0,Other
AK-01,1,41.47,50.53,8.0,0.0,
AK-01,2,45.07,53.33,0.0,1.6,Other
ME-01,1,61.66,33.34,5.0,0.0,
ME-01,2,63.76,35.24,0.0,1.0,Other
ME-02,1,44.95,50.05,5.0,0.0,
ME-02,2,47.05,51.95,0.0,1.0,Other
