race_code,round,dem,rep,other,exhausted,eliminated
AK-GOV,1,41.16,50.84,8.0,0.0,
AK-GOV,2,44.52,53.88,0.0,1.6,Other
AK-SEN,1,44.47,47.53,8.0,0.0,
AK-SEN,2,47.83,50.57,0.0,1.6,Other
ME-SEN,1,47.58,47.42,5.0,0.0,
ME-SEN,2,49.68,49.32,0.0,1.0,Other
AK-01,1,41.47,50.53,8.0,0.0,
AK-01,2,45.07,53.33,0.0,1.6,Other
ME-01,1,60.9,34.1,5.0,0.0,
ME-01,2,63.0,36.0,0.0,1.0,Other
ME-02,1,45.33,49.67,5.0,0.0,
ME-02,2,47.43,51.57,0.0,1.0,Other
