race_code,round,dem,rep,other,exhausted,eliminated
AK-GOV,1,44.38,47.62,8.0,0.0,
AK-GOV,2,47.74,50.66,0.0,1.6,Other
AK-SEN,1,45.42,46.58,8.0,0.0,
AK-SEN,2,48.78,49.62,0.0,1.6,Other
ME-SEN,1,47.59,47.41,5.0,0.0,
ME-SEN,2,49.69,49.31,0.0,1.0,Other
AK-01,1,44.37,47.63,8.0,0.0,
AK-01,2,47.73,50.67,0.0,1.6,Other
ME-01,1,61.4,33.6,5.0,0.0,
ME-01,2,63.5,35.5,0.0,1.0,Other
ME-02,1,49.76,45.24,5.0,0.0,
ME-02,2,51.86,47.14,0.0,1.0,Other
