race_code,round,dem,rep,other,exhausted,eliminated
AK-GOV,1,42.86,49.14,8.0,0.0,
AK-GOV,2,46.22,52.18,0.0,1.6,Other
AK-SEN,1,44.84,47.16,8.0,0.0,
AK-SEN,2,48.2,50.2,0.0,1.6,Other
ME-SEN,1,47.74,47.26,5.0,0.0,
ME-SEN,2,49.84,49.16,0.0,1.0,Other
AK-01,1,42.22,49.78,8.0,0.0,
AK-01,2,45.82,52.58,0.0,1.6,Other
ME-01,1,61.96,33.04,5.0,0.0,
ME-01,2,64.06,34.94,0.0,1.0,Other
ME-02,1,44.72,50.28,5.0,0.0,
ME-02,2,46.82,52.18,0.0,1.0,Other
