race_code,round,dem,rep,other,exhausted,eliminated
AK-GOV,1,42.86,49.14,8.0,0.0,
AK-GOV,2,46.22,52.18,0.0,1.6,Other
AK-SEN,1,44.9,47.1,8.0,0.0,
AK-SEN,2,48.26,50.14,0.0,1.6,Other
ME-SEN,1,47.74,47.26,5.0,0.0,
ME-SEN,2,49.84,49.16,0.0,1.0,Other
AK-01,1,42.34,49.66,8.0,0.0,
AK-01,2,45.94,52.46,0.0,1.6,Other
ME-01,1,62.01,32.99,5.0,0.0,
ME-01,2,64.11,34.89,0.0,1.0,Other
ME-02,1,44.76,50.24,5.0,0.0,
ME-02,2,46.86,52.14,0.0,1.0,Other
