race_code,round,dem,rep,other,exhausted,eliminated
AK-GOV,1,42.86,49.14,8.0,0.0,
AK-GOV,2,46.22,52.18,0.0,1.6,Other
AK-SEN,1,44.9,47.1,8.0,0.0,
AK-SEN,2,48.26,50.14,0.0,1.6,Other
ME-SEN,1,47.74,47.26,5.0,0.0,
ME-SEN,2,49.84,49.16,0.0,1.0,Other
AK-01,1,42.31,49.69,8.0,0.0,
AK-01,2,45.91,52.49,0.0,1.6,Other
ME-01,1,61.94,33.06,5.0,0.0,
ME-01,2,64.04,34.96,0.0,1.0,Other
ME-02,1,44.7,50.3,5.0,0.0,
ME-02,2,46.8,52.2,0.0,1.0,Other
