race_code,round,dem,rep,other,exhausted,eliminated
AK-GOV,1,41.96,50.04,8.0,0.0,
AK-GOV,2,45.32,53.08,0.0,1.6,Other
AK-SEN,1,45.54,46.46,8.0,0.0,
AK-SEN,2,48.9,49.5,0.0,1.6,Other
ME-SEN,1,48.28,46.72,5.0,0.0,
ME-SEN,2,50.38,48.62,0.0,1.0,Other
AK-01,1,42.53,49.47,8.0,0.0,
AK-01,2,46.13,52.27,0.0,1.6,Other
ME-01,1,62.77,32.23,5.0,0.0,
ME-01,2,64.87,34.13,0.0,1.0,Other
ME-02,1,45.96,49.04,5.0,0.0,
ME-02,2,48.06,50.94,0.0,1.0,Other
