race_code,round,dem,rep,other,exhausted,eliminated
AK-GOV,1,43.34,48.66,8.0,0.0,
AK-GOV,2,46.7,51.7,0.0,1.6,Other
AK-SEN,1,45.31,46.69,8.0,0.0,
AK-SEN,2,48.67,49.73,0.0,1.6,Other
ME-SEN,1,47.62,47.38,5.0,0.0,
ME-SEN,2,49.72,49.28,0.0,1.0,Other
AK-01,1,44.88,47.12,8.0,0.0,
AK-01,2,48.24,50.16,0.0,1.6,Other
ME-01,1,61.31,33.69,5.0,0.0,
ME-01,2,63.41,35.59,0.0,1.0,Other
ME-02,1,49.69,45.31,5.0,0.0,
ME-02,2,51.79,47.21,0.0,1.0,Other
