race_code,round,dem,rep,other,exhausted,eliminated
AK-GOV,1,44.11,47.89,8.0,0.0,
AK-GOV,2,47.47,50.93,0.0,1.6,Other
AK-SEN,1,46.21,45.79,8.0,0.0,
AK-SEN,2,49.57,48.83,0.0,1.6,Other
ME-SEN,1,48.44,46.56,5.0,0.0,
ME-SEN,2,50.54,48.46,0.0,1.0,Other
AK-01,1,45.96,46.04,8.0,0.0,
AK-01,2,49.32,49.08,0.0,1.6,Other
ME-01,1,62.62,32.38,5.0,0.0,
ME-01,2,64.72,34.28,0.0,1.0,Other
ME-02,1,50.72,44.28,5.0,0.0,
ME-02,2,52.82,46.18,0.0,1.0,Other
