race_code,round,dem,rep,other,exhausted,eliminated
AK-GOV,1,41.97,50.03,8.0,0.0,
AK-GOV,2,45.33,53.07,0.0,1.6,Other
AK-SEN,1,45.44,46.56,8.0,0.0,
AK-SEN,2,48.8,49.6,0.0,1.6,Other
ME-SEN,1,48.21,46.79,5.0,0.0,
ME-SEN,2,50.31,48.69,0.0,1.0,Other
AK-01,1,42.44,49.56,8.0,0.0,
AK-01,2,46.04,52.36,0.0,1.6,Other
ME-01,1,62.0,33.0,5.0,0.0,
ME-01,2,64.1,34.9,0.0,1.0,Other
ME-02,1,46.33,48.67,5.0,0.0,
ME-02,2,48.43,50.57,0.0,1.0,Other
