race_code,round,dem,rep,other,exhausted,eliminated
AK-GOV,1,41.97,50.03,8.0,0.0,
AK-GOV,2,45.33,53.07,0.0,1.6,Other
AK-SEN,1,45.45,46.55,8.0,0.0,
AK-SEN,2,48.81,49.59,0.0,1.6,Other
ME-SEN,1,48.21,46.79,5.0,0.0,
ME-SEN,2,50.31,48.69,0.0,1.0,Other
AK-01,1,42.49,49.51,8.0,0.0,
AK-01,2,46.09,52.31,0.0,1.6,Other
ME-01,1,62.02,32.98,5.0,0.0,
ME-01,2,64.12,34.88,0.0,1.0,Other
ME-02,1,46.35,48.65,5.0,0.0,
ME-02,2,48.45,50.55,0.0,1.0,Other
