race_code,round,dem,rep,other,exhausted,eliminated
AK-GOV,1,42.43,49.57,8.0,0.0,
AK-GOV,2,45.79,52.61,0.0,1.6,Other
AK-SEN,1,45.09,46.91,8.0,0.0,
AK-SEN,2,48.45,49.95,0.0,1.6,Other
ME-SEN,1,47.89,47.11,5.0,0.0,
ME-SEN,2,49.99,49.01,0.0,1.0,Other
AK-01,1,46.74,45.26,8.0,0.0,
AK-01,2,50.1,48.3,0.0,1.6,Other
ME-01,1,62.44,32.56,5.0,0.0,
ME-01,2,64.54,34.46,0.0,1.0,Other
ME-02,1,51.82,43.18,5.0,0.0,
ME-02,2,53.92,45.08,0.0,1.0,Other
