race_code,round,dem,rep,other,exhausted,eliminated
AK-GOV,1,44.11,47.89,8.0,0.0,
AK-GOV,2,47.47,50.93,0.0,1.6,Other
AK-SEN,1,46.18,45.82,8.0,0.0,
AK-SEN,2,49.54,48.86,0.0,1.6,Other
ME-SEN,1,48.44,46.56,5.0,0.0,
ME-SEN,2,50.54,48.46,0.0,1.0,Other
AK-01,1,45.92,46.08,8.0,0.0,
AK-01,2,49.28,49.12,0.0,1.6,Other
ME-01,1,62.58,32.42,5.0,0.0,
ME-01,2,64.68,34.32,0.0,1.0,Other
ME-02,1,50.69,44.31,5.0,0.0,
ME-02,2,52.79,46.21,0.0,1.0,Other
