race_code,round,dem,rep,other,exhausted,eliminated
AK-GOV,1,42.43,49.57,8.0,0.0,
AK-GOV,2,45.79,52.61,0.0,1.6,Other
AK-SEN,1,45.11,46.89,8.0,0.0,
AK-SEN,2,48.47,49.93,0.0,1.6,Other
ME-SEN,1,47.89,47.11,5.0,0.0,
ME-SEN,2,49.99,49.01,0.0,1.0,Other
AK-01,1,46.7,45.3,8.0,0.0,
AK-01,2,50.06,48.34,0.0,1.6,Other
ME-01,1,62.48,32.52,5.0,0.0,
ME-01,2,64.58,34.42,0.0,1.0,Other
ME-02,1,51.86,43.14,5.0,0.0,
ME-02,2,53.96,45.04,0.0,1.0,Other
