race_code,round,dem,rep,other,exhausted,eliminated
AK-GOV,1,44.11,47.89,8.0,0.0,
AK-GOV,2,47.47,50.93,0.0,1.6,Other
AK-SEN,1,46.24,45.76,8.0,0.0,
AK-SEN,2,49.6,48.8,0.0,1.6,Other
ME-SEN,1,48.48,46.52,5.0,0.0,
ME-SEN,2,50.58,48.42,0.0,1.0,Other
AK-01,1,45.92,46.08,8.0,0.0,
AK-01,2,49.28,49.12,0.0,1.6,Other
ME-01,1,62.65,32.35,5.0,0.0,
ME-01,2,64.75,34.25,0.0,1.0,Other
ME-02,1,50.75,44.25,5.0,0.0,
ME-02,2,52.85,46.15,0.0,1.0,Other
