race_code,round,dem,rep,other,exhausted,eliminated
AK-GOV,1,43.34,48.66,8.0,0.0,
AK-GOV,2,46.7,51.7,0.0,1.6,Other
AK-SEN,1,45.36,46.64,8.0,0.0,
AK-SEN,2,48.72,49.68,0.0,1.6,Other
ME-SEN,1,47.66,47.34,5.0,0.0,
ME-SEN,2,49.76,49.24,0.0,1.0,Other
AK-01,1,44.88,47.12,8.0,0.0,
AK-01,2,48.24,50.16,0.0,1.6,Other
ME-01,1,61.37,33.63,5.0,0.0,
ME-01,2,63.47,35.53,0.0,1.0,Other
ME-02,1,49.74,45.26,5.0,0.0,
ME-02,2,51.84,47.16,0.0,1.0,Other
