race_code,round,dem,rep,other,exhausted,eliminated
AK-GOV,1,43.34,48.66,8.0,0.0,
AK-GOV,2,46.7,51.7,0.0,1.6,Other
AK-SEN,1,45.42,46.58,8.0,0.0,
AK-SEN,2,48.78,49.62,0.0,1.6,Other
ME-SEN,1,47.66,47.34,5.0,0.0,
ME-SEN,2,49.76,49.24,0.0,1.0,Other
AK-01,1,44.99,47.01,8.0,0.0,
AK-01,2,48.35,50.05,0.0,1.6,Other
ME-01,1,61.32,33.68,5.0,0.0,
ME-01,2,63.42,35.58,0.0,1.0,Other
ME-02,1,49.7,45.3,5.0,0.0,
ME-02,2,51.8,47.2,0.0,1.0,Other
