race_code,round,dem,rep,other,exhausted,eliminated
AK-GOV,1,41.94,50.06,8.0,0.0,
AK-GOV,2,45.3,53.1,0.0,1.6,Other
AK-SEN,1,45.51,46.49,8.0,0.0,
AK-SEN,2,48.87,49.53,0.0,1.6,Other
ME-SEN,1,48.27,46.73,5.0,0.0,
ME-SEN,2,50.37,48.63,0.0,1.0,Other
AK-01,1,42.46,49.54,8.0,0.0,
AK-01,2,46.06,52.34,0.0,1.6,Other
ME-01,1,62.76,32.24,5.0,0.0,
ME-01,2,64.86,34.14,0.0,1.0,Other
ME-02,1,45.96,49.04,5.0,0.0,
ME-02,2,48.06,50.94,0.0,1.0,Other
