race_code,round,dem,rep,other,exhausted,eliminated
AK-GOV,1,41.91,50.09,8.0,0.0,
AK-GOV,2,45.27,53.13,0.0,1.6,Other
AK-SEN,1,45.51,46.49,8.0,0.0,
AK-SEN,2,48.87,49.53,0.0,1.6,Other
ME-SEN,1,48.24,46.76,5.0,0.0,
ME-SEN,2,50.34,48.66,0.0,1.0,Other
AK-01,1,42.4,49.6,8.0,0.0,
AK-01,2,46.0,52.4,0.0,1.6,Other
ME-01,1,62.8,32.2,5.0,0.0,
ME-01,2,64.9,34.1,0.0,1.0,Other
ME-02,1,45.01,49.99,5.0,0.0,
ME-02,2,47.11,51.89,0.0,1.0,Other
