race_code,round,dem,rep,other,exhausted,eliminated
AK-GOV,1,44.4,47.6,8.0,0.0,
AK-GOV,2,47.76,50.64,0.0,1.6,Other
AK-SEN,1,45.54,46.46,8.0,0.0,
AK-SEN,2,48.9,49.5,0.0,1.6,Other
ME-SEN,1,47.61,47.39,5.0,0.0,
ME-SEN,2,49.71,49.29,0.0,1.0,Other
AK-01,1,44.55,47.45,8.0,0.0,
AK-01,2,47.91,50.49,0.0,1.6,Other
ME-01,1,61.46,33.54,5.0,0.0,
ME-01,2,63.56,35.44,0.0,1.0,Other
ME-02,1,49.82,45.18,5.0,0.0,
ME-02,2,51.92,47.08,0.0,1.0,Other
