race_code,round,dem,rep,other,exhausted,eliminated
AK-GOV,1,41.16,50.84,8.0,0.0,
AK-GOV,2,44.52,53.88,0.0,1.6,Other
AK-SEN,1,44.51,47.49,8.0,0.0,
AK-SEN,2,47.87,50.53,0.0,1.6,Other
ME-SEN,1,47.53,47.47,5.0,0.0,
ME-SEN,2,49.63,49.37,0.0,1.0,Other
AK-01,1,41.5,50.5,8.0,0.0,
AK-01,2,45.1,53.3,0.0,1.6,Other
ME-01,1,60.88,34.12,5.0,0.0,
ME-01,2,62.98,36.02,0.0,1.0,Other
ME-02,1,45.31,49.69,5.0,0.0,
ME-02,2,47.41,51.59,0.0,1.0,Other
