race_code,round,dem,rep,other,exhausted,eliminated
AK-GOV,1,43.62,48.38,8.0,0.0,
AK-GOV,2,46.98,51.42,0.0,1.6,Other
AK-SEN,1,44.56,47.44,8.0,0.0,
AK-SEN,2,47.92,50.48,0.0,1.6,Other
ME-SEN,1,46.77,48.23,5.0,0.0,
ME-SEN,2,48.87,50.13,0.0,1.0,Other
AK-01,1,43.39,48.61,8.0,0.0,
AK-01,2,46.75,51.65,0.0,1.6,Other
ME-01,1,60.16,34.84,5.0,0.0,
ME-01,2,62.26,36.74,0.0,1.0,Other
ME-02,1,48.76,46.24,5.0,0.0,
ME-02,2,50.86,48.14,0.0,1.0,Other
