race_code,round,dem,rep,other,exhausted,eliminated
AK-GOV,1,43.62,48.38,8.0,0.0,
AK-GOV,2,46.98,51.42,0.0,1.6,Other
AK-SEN,1,44.66,47.34,8.0,0.0,
AK-SEN,2,48.02,50.38,0.0,1.6,Other
ME-SEN,1,46.77,48.23,5.0,0.0,
ME-SEN,2,48.87,50.13,0.0,1.0,Other
AK-01,1,43.45,48.55,8.0,0.0,
AK-01,2,46.81,51.59,0.0,1.6,Other
ME-01,1,60.27,34.73,5.0,0.0,
ME-01,2,62.37,36.63,0.0,1.0,Other
ME-02,1,48.85,46.15,5.0,0.0,
ME-02,2,50.95,48.05,0.0,1.0,Other
