race_code,round,dem,rep,other,exhausted,eliminated
AK-GOV,1,41.24,50.76,8.0,0.0,
AK-GOV,2,44.6,53.8,0.0,1.6,Other
AK-SEN,1,44.79,47.21,8.0,0.0,
AK-SEN,2,48.15,50.25,0.0,1.6,Other
ME-SEN,1,47.65,47.35,5.0,0.0,
ME-SEN,2,49.75,49.25,0.0,1.0,Other
AK-01,1,41.63,50.37,8.0,0.0,
AK-01,2,45.23,53.17,0.0,1.6,Other
ME-01,1,60.97,34.03,5.0,0.0,
ME-01,2,63.07,35.93,0.0,1.0,Other
ME-02,1,45.17,49.83,5.0,0.0,
ME-02,2,47.27,51.73,0.0,1.0,Other
