race_code,round,dem,rep,other,exhausted,eliminated
AK-GOV,1,41.73,50.27,8.0,0.0,
AK-GOV,2,45.09,53.31,0.0,1.6,Other
AK-SEN,1,44.25,47.75,8.0,0.0,
AK-SEN,2,47.61,50.79,0.0,1.6,Other
ME-SEN,1,46.98,48.02,5.0,0.0,
ME-SEN,2,49.08,49.92,0.0,1.0,Other
AK-01,1,45.76,46.24,8.0,0.0,
AK-01,2,49.12,49.28,0.0,1.6,Other
ME-01,1,61.41,33.59,5.0,0.0,
ME-01,2,63.51,35.49,0.0,1.0,Other
ME-02,1,50.79,44.21,5.0,0.0,
ME-02,2,52.89,46.11,0.0,1.0,Other
