race_code,round,dem,rep,other,exhausted,eliminated
AK-GOV,1,43.55,48.45,8.0,0.0,
AK-GOV,2,46.91,51.49,0.0,1.6,Other
AK-SEN,1,45.6,46.4,8.0,0.0,
AK-SEN,2,48.96,49.44,0.0,1.6,Other
ME-SEN,1,47.68,47.32,5.0,0.0,
ME-SEN,2,49.78,49.22,0.0,1.0,Other
AK-01,1,44.41,47.59,8.0,0.0,
AK-01,2,47.77,50.63,0.0,1.6,Other
ME-01,1,61.59,33.41,5.0,0.0,
ME-01,2,63.69,35.31,0.0,1.0,Other
ME-02,1,49.53,45.47,5.0,0.0,
ME-02,2,51.63,47.37,0.0,1.0,Other
