race_code,round,dem,rep,other,exhausted,eliminated
AK-GOV,1,41.76,50.24,8.0,0.0,
AK-GOV,2,45.12,53.28,0.0,1.6,Other
AK-SEN,1,44.75,47.25,8.0,0.0,
AK-SEN,2,48.11,50.29,0.0,1.6,Other
ME-SEN,1,47.96,47.04,5.0,0.0,
ME-SEN,2,50.06,48.94,0.0,1.0,Other
AK-01,1,42.16,49.84,8.0,0.0,
AK-01,2,45.76,52.64,0.0,1.6,Other
ME-01,1,62.55,32.45,5.0,0.0,
ME-01,2,64.65,34.35,0.0,1.0,Other
ME-02,1,44.83,50.17,5.0,0.0,
ME-02,2,46.93,52.07,0.0,1.0,Other
