race_code,round,dem,rep,other,exhausted,eliminated
AK-GOV,1,40.98,51.02,8.0,0.0,
AK-GOV,2,44.34,54.06,0.0,1.6,Other
AK-SEN,1,43.96,48.04,8.0,0.0,
AK-SEN,2,47.32,51.08,0.0,1.6,Other
ME-SEN,1,47.2,47.8,5.0,0.0,
ME-SEN,2,49.3,49.7,0.0,1.0,Other
AK-01,1,41.23,50.77,8.0,0.0,
AK-01,2,44.83,53.57,0.0,1.6,Other
ME-01,1,60.62,34.38,5.0,0.0,
ME-01,2,62.72,36.28,0.0,1.0,Other
ME-02,1,45.09,49.91,5.0,0.0,
ME-02,2,47.19,51.81,0.0,1.0,Other
