race_code,round,dem,rep,other,exhausted,eliminated
AK-GOV,1,44.29,47.71,8.0,0.0,
AK-GOV,2,47.65,50.75,0.0,1.6,Other
AK-SEN,1,45.18,46.82,8.0,0.0,
AK-SEN,2,48.54,49.86,0.0,1.6,Other
ME-SEN,1,47.34,47.66,5.0,0.0,
ME-SEN,2,49.44,49.56,0.0,1.0,Other
AK-01,1,45.62,46.38,8.0,0.0,
AK-01,2,48.98,49.42,0.0,1.6,Other
ME-01,1,61.25,33.75,5.0,0.0,
ME-01,2,63.35,35.65,0.0,1.0,Other
ME-02,1,49.77,45.23,5.0,0.0,
ME-02,2,51.87,47.13,0.0,1.0,Other
