race_code,round,dem,rep,other,exhausted,eliminated
AK-GOV,1,41.52,50.48,8.0,0.0,
AK-GOV,2,44.88,53.52,0.0,1.6,Other
AK-SEN,1,43.98,48.02,8.0,0.0,
AK-SEN,2,47.34,51.06,0.0,1.6,Other
ME-SEN,1,46.71,48.29,5.0,0.0,
ME-SEN,2,48.81,50.19,0.0,1.0,Other
AK-01,1,45.4,46.6,8.0,0.0,
AK-01,2,48.76,49.64,0.0,1.6,Other
ME-01,1,61.11,33.89,5.0,0.0,
ME-01,2,63.21,35.79,0.0,1.0,Other
ME-02,1,50.49,44.51,5.0,0.0,
ME-02,2,52.59,46.41,0.0,1.0,Other
