race_code,round,dem,rep,other,exhausted,eliminated
AK-GOV,1,40.97,51.03,8.0,0.0,
AK-GOV,2,44.33,54.07,0.0,1.6,Other
AK-SEN,1,44.08,47.92,8.0,0.0,
AK-SEN,2,47.44,50.96,0.0,1.6,Other
ME-SEN,1,47.28,47.72,5.0,0.0,
ME-SEN,2,49.38,49.62,0.0,1.0,Other
AK-01,1,41.26,50.74,8.0,0.0,
AK-01,2,44.86,53.54,0.0,1.6,Other
ME-01,1,61.36,33.64,5.0,0.0,
ME-01,2,63.46,35.54,0.0,1.0,Other
ME-02,1,44.69,50.31,5.0,0.0,
ME-02,2,46.79,52.21,0.0,1.0,Other
