race_code,round,dem,rep,other,exhausted,eliminated
AK-GOV,1,43.46,48.54,8.0,0.0,
AK-GOV,2,46.82,51.58,0.0,1.6,Other
AK-SEN,1,44.07,47.93,8.0,0.0,
AK-SEN,2,47.43,50.97,0.0,1.6,Other
ME-SEN,1,45.98,49.02,5.0,0.0,
ME-SEN,2,48.08,50.92,0.0,1.0,Other
AK-01,1,44.12,47.88,8.0,0.0,
AK-01,2,47.48,50.92,0.0,1.6,Other
ME-01,1,59.73,35.27,5.0,0.0,
ME-01,2,61.83,37.17,0.0,1.0,Other
ME-02,1,48.48,46.52,5.0,0.0,
ME-02,2,50.58,48.42,0.0,1.0,Other
