race_code,round,dem,rep,other,exhausted,eliminated
AK-GOV,1,40.92,51.08,8.0,0.0,
AK-GOV,2,44.28,54.12,0.0,1.6,Other
AK-SEN,1,44.0,48.0,8.0,0.0,
AK-SEN,2,47.36,51.04,0.0,1.6,Other
ME-SEN,1,46.57,48.43,5.0,0.0,
ME-SEN,2,48.67,50.33,0.0,1.0,Other
AK-01,1,41.15,50.85,8.0,0.0,
AK-01,2,44.75,53.65,0.0,1.6,Other
ME-01,1,61.17,33.83,5.0,0.0,
ME-01,2,63.27,35.73,0.0,1.0,Other
ME-02,1,44.33,50.67,5.0,0.0,
ME-02,2,46.43,52.57,0.0,1.0,Other
