race_code,round,dem,rep,other,exhausted,eliminated
AK-GOV,1,40.92,51.08,8.0,0.0,
AK-GOV,2,44.28,54.12,0.0,1.6,Other
AK-SEN,1,43.96,48.04,8.0,0.0,
AK-SEN,2,47.32,51.08,0.0,1.6,Other
ME-SEN,1,46.57,48.43,5.0,0.0,
ME-SEN,2,48.67,50.33,0.0,1.0,Other
AK-01,1,41.2,50.8,8.0,0.0,
AK-01,2,44.8,53.6,0.0,1.6,Other
ME-01,1,61.19,33.81,5.0,0.0,
ME-01,2,63.29,35.71,0.0,1.0,Other
ME-02,1,43.33,51.67,5.0,0.0,
ME-02,2,45.43,53.57,0.0,1.0,Other
