race_code,round,dem,rep,other,exhausted,eliminated
AK-GOV,1,44.25,47.75,8.0,0.0,
AK-GOV,2,47.61,50.79,0.0,1.6,Other
AK-SEN,1,45.08,46.92,8.0,0.0,
AK-SEN,2,48.44,49.96,0.0,1.6,Other
ME-SEN,1,46.87,48.13,5.0,0.0,
ME-SEN,2,48.97,50.03,0.0,1.0,Other
AK-01,1,45.35,46.65,8.0,0.0,
AK-01,2,48.71,49.69,0.0,1.6,Other
ME-01,1,61.1,33.9,5.0,0.0,
ME-01,2,63.2,35.8,0.0,1.0,Other
ME-02,1,49.63,45.37,5.0,0.0,
ME-02,2,51.73,47.27,0.0,1.0,Other
