race_code,round,dem,rep,other,exhausted,eliminated
AK-GOV,1,40.92,51.08,8.0,0.0,
AK-GOV,2,44.28,54.12,0.0,1.6,Other
AK-SEN,1,43.95,48.05,8.0,0.0,
AK-SEN,2,47.31,51.09,0.0,1.6,Other
ME-SEN,1,46.49,48.51,5.0,0.0,
ME-SEN,2,48.59,50.41,0.0,1.0,Other
AK-01,1,41.18,50.82,8.0,0.0,
AK-01,2,44.78,53.62,0.0,1.6,Other
ME-01,1,60.37,34.63,5.0,0.0,
ME-01,2,62.47,36.53,0.0,1.0,Other
ME-02,1,44.68,50.32,5.0,0.0,
ME-02,2,46.78,52.22,0.0,1.0,Other
