race_code,round,dem,rep,other,exhausted,eliminated
AK-GOV,1,43.46,48.54,8.0,0.0,
AK-GOV,2,46.82,51.58,0.0,1.6,Other
AK-SEN,1,44.18,47.82,8.0,0.0,
AK-SEN,2,47.54,50.86,0.0,1.6,Other
ME-SEN,1,45.98,49.02,5.0,0.0,
ME-SEN,2,48.08,50.92,0.0,1.0,Other
AK-01,1,44.18,47.82,8.0,0.0,
AK-01,2,47.54,50.86,0.0,1.6,Other
ME-01,1,59.88,35.12,5.0,0.0,
ME-01,2,61.98,37.02,0.0,1.0,Other
ME-02,1,48.6,46.4,5.0,0.0,
ME-02,2,50.7,48.3,0.0,1.0,Other
