race_code,round,dem,rep,other,exhausted,eliminated
AK-GOV,1,43.3,48.7,8.0,0.0,
AK-GOV,2,46.66,51.74,0.0,1.6,Other
AK-SEN,1,45.29,46.71,8.0,0.0,
AK-SEN,2,48.65,49.75,0.0,1.6,Other
ME-SEN,1,47.6,47.4,5.0,0.0,
ME-SEN,2,49.7,49.3,0.0,1.0,Other
AK-01,1,44.83,47.17,8.0,0.0,
AK-01,2,48.19,50.21,0.0,1.6,Other
ME-01,1,61.27,33.73,5.0,0.0,
ME-01,2,63.37,35.63,0.0,1.0,Other
ME-02,1,49.66,45.34,5.0,0.0,
ME-02,2,51.76,47.24,0.0,1.0,Other
