race_code,round,dem,rep,other,exhausted,eliminated
AK-GOV,1,41.92,50.08,8.0,0.0,
AK-GOV,2,45.28,53.12,0.0,1.6,Other
AK-SEN,1,45.49,46.51,8.0,0.0,
AK-SEN,2,48.85,49.55,0.0,1.6,Other
ME-SEN,1,48.17,46.83,5.0,0.0,
ME-SEN,2,50.27,48.73,0.0,1.0,Other
AK-01,1,42.49,49.51,8.0,0.0,
AK-01,2,46.09,52.31,0.0,1.6,Other
ME-01,1,61.96,33.04,5.0,0.0,
ME-01,2,64.06,34.94,0.0,1.0,Other
ME-02,1,46.3,48.7,5.0,0.0,
ME-02,2,48.4,50.6,0.0,1.0,Other
