race_code,round,dem,rep,other,exhausted,eliminated
AK-GOV,1,43.31,48.69,8.0,0.0,
AK-GOV,2,46.67,51.73,0.0,1.6,Other
AK-SEN,1,45.37,46.63,8.0,0.0,
AK-SEN,2,48.73,49.67,0.0,1.6,Other
ME-SEN,1,47.61,47.39,5.0,0.0,
ME-SEN,2,49.71,49.29,0.0,1.0,Other
AK-01,1,44.91,47.09,8.0,0.0,
AK-01,2,48.27,50.13,0.0,1.6,Other
ME-01,1,61.31,33.69,5.0,0.0,
ME-01,2,63.41,35.59,0.0,1.0,Other
ME-02,1,49.69,45.31,5.0,0.0,
ME-02,2,51.79,47.21,0.0,1.0,Other
