race_code,round,dem,rep,other,exhausted,eliminated
AK-GOV,1,41.91,50.09,8.0,0.0,
AK-GOV,2,45.27,53.13,0.0,1.6,Other
AK-SEN,1,45.53,46.47,8.0,0.0,
AK-SEN,2,48.89,49.51,0.0,1.6,Other
ME-SEN,1,48.24,46.76,5.0,0.0,
ME-SEN,2,50.34,48.66,0.0,1.0,Other
AK-01,1,42.44,49.56,8.0,0.0,
AK-01,2,46.04,52.36,0.0,1.6,Other
ME-01,1,62.68,32.32,5.0,0.0,
ME-01,2,64.78,34.22,0.0,1.0,Other
ME-02,1,45.89,49.11,5.0,0.0,
ME-02,2,47.99,51.01,0.0,1.0,Other
