race_code,round,dem,rep,other,exhausted,eliminated
AK-GOV,1,41.82,50.18,8.0,0.0,
AK-GOV,2,45.18,53.22,0.0,1.6,Other
AK-SEN,1,45.43,46.57,8.0,0.0,
AK-SEN,2,48.79,49.61,0.0,1.6,Other
ME-SEN,1,48.15,46.85,5.0,0.0,
ME-SEN,2,50.25,48.75,0.0,1.0,Other
AK-01,1,42.3,49.7,8.0,0.0,
AK-01,2,45.9,52.5,0.0,1.6,Other
ME-01,1,62.58,32.42,5.0,0.0,
ME-01,2,64.68,34.32,0.0,1.0,Other
ME-02,1,44.83,50.17,5.0,0.0,
ME-02,2,46.93,52.07,0.0,1.0,Other
