race_code,round,dem,rep,other,exhausted,eliminated
AK-GOV,1,42.97,49.03,8.0,0.0,
AK-GOV,2,46.33,52.07,0.0,1.6,Other
AK-SEN,1,44.94,47.06,8.0,0.0,
AK-SEN,2,48.3,50.1,0.0,1.6,Other
ME-SEN,1,47.97,47.03,5.0,0.0,
ME-SEN,2,50.07,48.93,0.0,1.0,Other
AK-01,1,42.35,49.65,8.0,0.0,
AK-01,2,45.95,52.45,0.0,1.6,Other
ME-01,1,62.48,32.52,5.0,0.0,
ME-01,2,64.58,34.42,0.0,1.0,Other
ME-02,1,44.77,50.23,5.0,0.0,
ME-02,2,46.87,52.13,0.0,1.0,Other
