race_code,round,dem,rep,other,exhausted,eliminated
AK-GOV,1,42.95,49.05,8.0,0.0,
AK-GOV,2,46.31,52.09,0.0,1.6,Other
AK-SEN,1,44.99,47.01,8.0,0.0,
AK-SEN,2,48.35,50.05,0.0,1.6,Other
ME-SEN,1,47.04,47.96,5.0,0.0,
ME-SEN,2,49.14,49.86,0.0,1.0,Other
AK-01,1,43.71,48.29,8.0,0.0,
AK-01,2,47.07,51.33,0.0,1.6,Other
ME-01,1,60.6,34.4,5.0,0.0,
ME-01,2,62.7,36.3,0.0,1.0,Other
ME-02,1,48.73,46.27,5.0,0.0,
ME-02,2,50.83,48.17,0.0,1.0,Other
