race_code,round,dem,rep,other,exhausted,eliminated
AK-GOV,1,42.95,49.05,8.0,0.0,
AK-GOV,2,46.31,52.09,0.0,1.6,Other
AK-SEN,1,44.9,47.1,8.0,0.0,
AK-SEN,2,48.26,50.14,0.0,1.6,Other
ME-SEN,1,47.04,47.96,5.0,0.0,
ME-SEN,2,49.14,49.86,0.0,1.0,Other
AK-01,1,43.65,48.35,8.0,0.0,
AK-01,2,47.01,51.39,0.0,1.6,Other
ME-01,1,60.66,34.34,5.0,0.0,
ME-01,2,62.76,36.24,0.0,1.0,Other
ME-02,1,48.78,46.22,5.0,0.0,
ME-02,2,50.88,48.12,0.0,1.0,Other
