race_code,round,dem,rep,other,exhausted,eliminated
AK-GOV,1,41.94,50.06,8.0,0.0,
AK-GOV,2,45.3,53.1,0.0,1.6,Other
AK-SEN,1,44.48,47.52,8.0,0.0,
AK-SEN,2,47.84,50.56,0.0,1.6,Other
ME-SEN,1,47.25,47.75,5.0,0.0,
ME-SEN,2,49.35,49.65,0.0,1.0,Other
AK-01,1,46.04,45.96,8.0,0.0,
AK-01,2,49.4,49.0,0.0,1.6,Other
ME-01,1,61.76,33.24,5.0,0.0,
ME-01,2,63.86,35.14,0.0,1.0,Other
ME-02,1,51.14,43.86,5.0,0.0,
ME-02,2,53.24,45.76,0.0,1.0,Other
