race_code,round,dem,rep,other,exhausted,eliminated
AK-GOV,1,41.47,50.53,8.0,0.0,
AK-GOV,2,44.83,53.57,0.0,1.6,Other
AK-SEN,1,44.95,47.05,8.0,0.0,
AK-SEN,2,48.31,50.09,0.0,1.6,Other
ME-SEN,1,47.87,47.13,5.0,0.0,
ME-SEN,2,49.97,49.03,0.0,1.0,Other
AK-01,1,41.83,50.17,8.0,0.0,
AK-01,2,45.43,52.97,0.0,1.6,Other
ME-01,1,61.27,33.73,5.0,0.0,
ME-01,2,63.37,35.63,0.0,1.0,Other
ME-02,1,45.42,49.58,5.0,0.0,
ME-02,2,47.52,51.48,0.0,1.0,Other
