race_code,round,dem,rep,other,exhausted,eliminated
AK-GOV,1,42.83,49.17,8.0,0.0,
AK-GOV,2,46.19,52.21,0.0,1.6,Other
AK-SEN,1,44.01,47.99,8.0,0.0,
AK-SEN,2,47.37,51.03,0.0,1.6,Other
ME-SEN,1,45.97,49.03,5.0,0.0,
ME-SEN,2,48.07,50.93,0.0,1.0,Other
AK-01,1,44.08,47.92,8.0,0.0,
AK-01,2,47.44,50.96,0.0,1.6,Other
ME-01,1,59.67,35.33,5.0,0.0,
ME-01,2,61.77,37.23,0.0,1.0,Other
ME-02,1,48.44,46.56,5.0,0.0,
ME-02,2,50.54,48.46,0.0,1.0,Other
