race_code,round,dem,rep,other,exhausted,eliminated
AK-GOV,1,42.83,49.17,8.0,0.0,
AK-GOV,2,46.19,52.21,0.0,1.6,Other
AK-SEN,1,43.95,48.05,8.0,0.0,
AK-SEN,2,47.31,51.09,0.0,1.6,Other
ME-SEN,1,45.97,49.03,5.0,0.0,
ME-SEN,2,48.07,50.93,0.0,1.0,Other
AK-01,1,44.09,47.91,8.0,0.0,
AK-01,2,47.45,50.95,0.0,1.6,Other
ME-01,1,59.73,35.27,5.0,0.0,
ME-01,2,61.83,37.17,0.0,1.0,Other
ME-02,1,48.48,46.52,5.0,0.0,
ME-02,2,50.58,48.42,0.0,1.0,Other
