race_code,round,dem,rep,other,exhausted,eliminated
AK-GOV,1,43.63,48.37,8.0,0.0,
AK-GOV,2,46.99,51.41,0.0,1.6,Other
AK-SEN,1,44.9,47.1,8.0,0.0,
AK-SEN,2,48.26,50.14,0.0,1.6,Other
ME-SEN,1,46.87,48.13,5.0,0.0,
ME-SEN,2,48.97,50.03,0.0,1.0,Other
AK-01,1,45.1,46.9,8.0,0.0,
AK-01,2,48.46,49.94,0.0,1.6,Other
ME-01,1,61.02,33.98,5.0,0.0,
ME-01,2,63.12,35.88,0.0,1.0,Other
ME-02,1,49.56,45.44,5.0,0.0,
ME-02,2,51.66,47.34,0.0,1.0,Other
