race_code,round,dem,rep,other,exhausted,eliminated
AK-GOV,1,40.88,51.12,8.0,0.0,
AK-GOV,2,44.24,54.16,0.0,1.6,Other
AK-SEN,1,43.88,48.12,8.0,0.0,
AK-SEN,2,47.24,51.16,0.0,1.6,Other
ME-SEN,1,46.4,48.6,5.0,0.0,
ME-SEN,2,48.5,50.5,0.0,1.0,Other
AK-01,1,41.12,50.88,8.0,0.0,
AK-01,2,44.72,53.68,0.0,1.6,Other
ME-01,1,60.38,34.62,5.0,0.0,
ME-01,2,62.48,36.52,0.0,1.0,Other
ME-02,1,44.69,50.31,5.0,0.0,
ME-02,2,46.79,52.21,0.0,1.0,Other
