race_code,round,dem,rep,other,exhausted,eliminated
AK-GOV,1,41.41,50.59,8.0,0.0,
AK-GOV,2,44.77,53.63,0.0,1.6,Other
AK-SEN,1,43.81,48.19,8.0,0.0,
AK-SEN,2,47.17,51.23,0.0,1.6,Other
ME-SEN,1,46.57,48.43,5.0,0.0,
ME-SEN,2,48.67,50.33,0.0,1.0,Other
AK-01,1,45.25,46.75,8.0,0.0,
AK-01,2,48.61,49.79,0.0,1.6,Other
ME-01,1,60.93,34.07,5.0,0.0,
ME-01,2,63.03,35.97,0.0,1.0,Other
ME-02,1,50.31,44.69,5.0,0.0,
ME-02,2,52.41,46.59,0.0,1.0,Other
