race_code,round,dem,rep,other,exhausted,eliminated
AK-GOV,1,44.11,47.89,8.0,0.0,
AK-GOV,2,47.47,50.93,0.0,1.6,Other
AK-SEN,1,46.23,45.77,8.0,0.0,
AK-SEN,2,49.59,48.81,0.0,1.6,Other
ME-SEN,1,48.48,46.52,5.0,0.0,
ME-SEN,2,50.58,48.42,0.0,1.0,Other
AK-01,1,45.89,46.11,8.0,0.0,
AK-01,2,49.25,49.15,0.0,1.6,Other
ME-01,1,62.6,32.4,5.0,0.0,
ME-01,2,64.7,34.3,0.0,1.0,Other
ME-02,1,50.71,44.29,5.0,0.0,
ME-02,2,52.81,46.19,0.0,1.0,Other
