race_code,round,dem,rep,other,exhausted,eliminated
AK-GOV,1,42.43,49.57,8.0,0.0,
AK-GOV,2,45.79,52.61,0.0,1.6,Other
AK-SEN,1,45.14,46.86,8.0,0.0,
AK-SEN,2,48.5,49.9,0.0,1.6,Other
ME-SEN,1,47.89,47.11,5.0,0.0,
ME-SEN,2,49.99,49.01,0.0,1.0,Other
AK-01,1,46.8,45.2,8.0,0.0,
AK-01,2,50.16,48.24,0.0,1.6,Other
ME-01,1,62.42,32.58,5.0,0.0,
ME-01,2,64.52,34.48,0.0,1.0,Other
ME-02,1,51.8,43.2,5.0,0.0,
ME-02,2,53.9,45.1,0.0,1.0,Other
