race_code,round,dem,rep,other,exhausted,eliminated
AK-GOV,1,41.96,50.04,8.0,0.0,
AK-GOV,2,45.32,53.08,0.0,1.6,Other
AK-SEN,1,45.52,46.48,8.0,0.0,
AK-SEN,2,48.88,49.52,0.0,1.6,Other
ME-SEN,1,48.21,46.79,5.0,0.0,
ME-SEN,2,50.31,48.69,0.0,1.0,Other
AK-01,1,42.5,49.5,8.0,0.0,
AK-01,2,46.1,52.3,0.0,1.6,Other
ME-01,1,61.98,33.02,5.0,0.0,
ME-01,2,64.08,34.92,0.0,1.0,Other
ME-02,1,46.31,48.69,5.0,0.0,
ME-02,2,48.41,50.59,0.0,1.0,Other
