race_code,round,dem,rep,other,exhausted,eliminated
AK-GOV,1,43.34,48.66,8.0,0.0,
AK-GOV,2,46.7,51.7,0.0,1.6,Other
AK-SEN,1,45.32,46.68,8.0,0.0,
AK-SEN,2,48.68,49.72,0.0,1.6,Other
ME-SEN,1,47.66,47.34,5.0,0.0,
ME-SEN,2,49.76,49.24,0.0,1.0,Other
AK-01,1,44.86,47.14,8.0,0.0,
AK-01,2,48.22,50.18,0.0,1.6,Other
ME-01,1,61.29,33.71,5.0,0.0,
ME-01,2,63.39,35.61,0.0,1.0,Other
ME-02,1,49.68,45.32,5.0,0.0,
ME-02,2,51.78,47.22,0.0,1.0,Other
