race_code,round,dem,rep,other,exhausted,eliminated
AK-GOV,1,41.96,50.04,8.0,0.0,
AK-GOV,2,45.32,53.08,0.0,1.6,Other
AK-SEN,1,45.46,46.54,8.0,0.0,
AK-SEN,2,48.82,49.58,0.0,1.6,Other
ME-SEN,1,48.21,46.79,5.0,0.0,
ME-SEN,2,50.31,48.69,0.0,1.0,Other
AK-01,1,42.44,49.56,8.0,0.0,
AK-01,2,46.04,52.36,0.0,1.6,Other
ME-01,1,62.02,32.98,5.0,0.0,
ME-01,2,64.12,34.88,0.0,1.0,Other
ME-02,1,46.35,48.65,5.0,0.0,
ME-02,2,48.45,50.55,0.0,1.0,Other
