race_code,round,dem,rep,other,exhausted,eliminated
AK-GOV,1,43.34,48.66,8.0,0.0,
AK-GOV,2,46.7,51.7,0.0,1.6,Other
AK-SEN,1,45.33,46.67,8.0,0.0,
AK-SEN,2,48.69,49.71,0.0,1.6,Other
ME-SEN,1,47.66,47.34,5.0,0.0,
ME-SEN,2,49.76,49.24,0.0,1.0,Other
AK-01,1,44.88,47.12,8.0,0.0,
AK-01,2,48.24,50.16,0.0,1.6,Other
ME-01,1,61.36,33.64,5.0,0.0,
ME-01,2,63.46,35.54,0.0,1.0,Other
ME-02,1,49.73,45.27,5.0,0.0,
ME-02,2,51.83,47.17,0.0,1.0,Other
