race_code,round,dem,rep,other,exhausted,eliminated
AK-GOV,1,44.11,47.89,8.0,0.0,
AK-GOV,2,47.47,50.93,0.0,1.6,Other
AK-SEN,1,46.25,45.75,8.0,0.0,
AK-SEN,2,49.61,48.79,0.0,1.6,Other
ME-SEN,1,48.48,46.52,5.0,0.0,
ME-SEN,2,50.58,48.42,0.0,1.0,Other
AK-01,1,45.94,46.06,8.0,0.0,
AK-01,2,49.3,49.1,0.0,1.6,Other
ME-01,1,62.56,32.44,5.0,0.0,
ME-01,2,64.66,34.34,0.0,1.0,Other
ME-02,1,50.68,44.32,5.0,0.0,
ME-02,2,52.78,46.22,0.0,1.0,Other
