race_code,round,dem,rep,other,exhausted,eliminated
AK-GOV,1,41.94,50.06,8.0,0.0,
AK-GOV,2,45.3,53.1,0.0,1.6,Other
AK-SEN,1,45.56,46.44,8.0,0.0,
AK-SEN,2,48.92,49.48,0.0,1.6,Other
ME-SEN,1,48.27,46.73,5.0,0.0,
ME-SEN,2,50.37,48.63,0.0,1.0,Other
AK-01,1,42.52,49.48,8.0,0.0,
AK-01,2,46.12,52.28,0.0,1.6,Other
ME-01,1,62.83,32.17,5.0,0.0,
ME-01,2,64.93,34.07,0.0,1.0,Other
ME-02,1,46.02,48.98,5.0,0.0,
ME-02,2,48.12,50.88,0.0,1.0,Other
