race_code,round,dem,rep,other,exhausted,eliminated
AK-GOV,1,42.94,49.06,8.0,0.0,
AK-GOV,2,46.3,52.1,0.0,1.6,Other
AK-SEN,1,44.91,47.09,8.0,0.0,
AK-SEN,2,48.27,50.13,0.0,1.6,Other
ME-SEN,1,47.03,47.97,5.0,0.0,
ME-SEN,2,49.13,49.87,0.0,1.0,Other
AK-01,1,43.62,48.38,8.0,0.0,
AK-01,2,46.98,51.42,0.0,1.6,Other
ME-01,1,60.58,34.42,5.0,0.0,
ME-01,2,62.68,36.32,0.0,1.0,Other
ME-02,1,48.72,46.28,5.0,0.0,
ME-02,2,50.82,48.18,0.0,1.0,Other
