race_code,round,dem,rep,other,exhausted,eliminated
AK-GOV,1,41.46,50.54,8.0,0.0,
AK-GOV,2,44.82,53.58,0.0,1.6,Other
AK-SEN,1,44.91,47.09,8.0,0.0,
AK-SEN,2,48.27,50.13,0.0,1.6,Other
ME-SEN,1,47.86,47.14,5.0,0.0,
ME-SEN,2,49.96,49.04,0.0,1.0,Other
AK-01,1,41.79,50.21,8.0,0.0,
AK-01,2,45.39,53.01,0.0,1.6,Other
ME-01,1,61.33,33.67,5.0,0.0,
ME-01,2,63.43,35.57,0.0,1.0,Other
ME-02,1,45.47,49.53,5.0,0.0,
ME-02,2,47.57,51.43,0.0,1.0,Other
