race_code,round,dem,rep,other,exhausted,eliminated
AK-GOV,1,43.71,48.29,8.0,0.0,
AK-GOV,2,47.07,51.33,0.0,1.6,Other
AK-SEN,1,45.78,46.22,8.0,0.0,
AK-SEN,2,49.14,49.26,0.0,1.6,Other
ME-SEN,1,47.87,47.13,5.0,0.0,
ME-SEN,2,49.97,49.03,0.0,1.0,Other
AK-01,1,44.67,47.33,8.0,0.0,
AK-01,2,48.03,50.37,0.0,1.6,Other
ME-01,1,61.8,33.2,5.0,0.0,
ME-01,2,63.9,35.1,0.0,1.0,Other
ME-02,1,49.69,45.31,5.0,0.0,
ME-02,2,51.79,47.21,0.0,1.0,Other
