race_code,round,dem,rep,other,exhausted,eliminated
AK-GOV,1,41.93,50.07,8.0,0.0,
AK-GOV,2,45.29,53.11,0.0,1.6,Other
AK-SEN,1,44.54,47.46,8.0,0.0,
AK-SEN,2,47.9,50.5,0.0,1.6,Other
ME-SEN,1,47.25,47.75,5.0,0.0,
ME-SEN,2,49.35,49.65,0.0,1.0,Other
AK-01,1,46.06,45.94,8.0,0.0,
AK-01,2,49.42,48.98,0.0,1.6,Other
ME-01,1,61.76,33.24,5.0,0.0,
ME-01,2,63.86,35.14,0.0,1.0,Other
ME-02,1,51.14,43.86,5.0,0.0,
ME-02,2,53.24,45.76,0.0,1.0,Other
