race_code,round,dem,rep,other,exhausted,eliminated
AK-GOV,1,41.45,50.55,8.0,0.0,
AK-GOV,2,44.81,53.59,0.0,1.6,Other
AK-SEN,1,45.05,46.95,8.0,0.0,
AK-SEN,2,48.41,49.99,0.0,1.6,Other
ME-SEN,1,47.93,47.07,5.0,0.0,
ME-SEN,2,50.03,48.97,0.0,1.0,Other
AK-01,1,41.86,50.14,8.0,0.0,
AK-01,2,45.46,52.94,0.0,1.6,Other
ME-01,1,62.08,32.92,5.0,0.0,
ME-01,2,64.18,34.82,0.0,1.0,Other
ME-02,1,45.08,49.92,5.0,0.0,
ME-02,2,47.18,51.82,0.0,1.0,Other
