race_code,round,dem,rep,other,exhausted,eliminated
AK-GOV,1,40.88,51.12,8.0,0.0,
AK-GOV,2,44.24,54.16,0.0,1.6,Other
AK-SEN,1,43.88,48.12,8.0,0.0,
AK-SEN,2,47.24,51.16,0.0,1.6,Other
ME-SEN,1,46.4,48.6,5.0,0.0,
ME-SEN,2,48.5,50.5,0.0,1.0,Other
AK-01,1,41.1,50.9,8.0,0.0,
AK-01,2,44.7,53.7,0.0,1.6,Other
ME-01,1,60.3,34.7,5.0,0.0,
ME-01,2,62.4,36.6,0.0,1.0,Other
ME-02,1,44.62,50.38,5.0,0.0,
ME-02,2,46.72,52.28,0.0,1.0,Other
