race_code,round,dem,rep,other,exhausted,eliminated
AK-GOV,1,42.83,49.17,8.0,0.0,
AK-GOV,2,46.19,52.21,0.0,1.6,Other
AK-SEN,1,43.98,48.02,8.0,0.0,
AK-SEN,2,47.34,51.06,0.0,1.6,Other
ME-SEN,1,45.97,49.03,5.0,0.0,
ME-SEN,2,48.07,50.93,0.0,1.0,Other
AK-01,1,44.08,47.92,8.0,0.0,
AK-01,2,47.44,50.96,0.0,1.6,Other
ME-01,1,59.79,35.21,5.0,0.0,
ME-01,2,61.89,37.11,0.0,1.0,Other
ME-02,1,48.53,46.47,5.0,0.0,
ME-02,2,50.63,48.37,0.0,1.0,Other
