race_code,round,dem,rep,other,exhausted,eliminated
AK-GOV,1,41.41,50.59,8.0,0.0,
AK-GOV,2,44.77,53.63,0.0,1.6,Other
AK-SEN,1,43.82,48.18,8.0,0.0,
AK-SEN,2,47.18,51.22,0.0,1.6,Other
ME-SEN,1,46.57,48.43,5.0,0.0,
ME-SEN,2,48.67,50.33,0.0,1.0,Other
AK-01,1,45.26,46.74,8.0,0.0,
AK-01,2,48.62,49.78,0.0,1.6,Other
ME-01,1,60.97,34.03,5.0,0.0,
ME-01,2,63.07,35.93,0.0,1.0,Other
ME-02,1,50.35,44.65,5.0,0.0,
ME-02,2,52.45,46.55,0.0,1.0,Other
