race_code,round,dem,rep,other,exhausted,eliminated
AK-GOV,1,42.83,49.17,8.0,0.0,
AK-GOV,2,46.19,52.21,0.0,1.6,Other
AK-SEN,1,43.94,48.06,8.0,0.0,
AK-SEN,2,47.3,51.1,0.0,1.6,Other
ME-SEN,1,45.97,49.03,5.0,0.0,
ME-SEN,2,48.07,50.93,0.0,1.0,Other
AK-01,1,44.04,47.96,8.0,0.0,
AK-01,2,47.4,51.0,0.0,1.6,Other
ME-01,1,59.75,35.25,5.0,0.0,
ME-01,2,61.85,37.15,0.0,1.0,Other
ME-02,1,48.5,46.5,5.0,0.0,
ME-02,2,50.6,48.4,0.0,1.0,Other
