race_code,round,dem,rep,other,exhausted,eliminated
AK-GOV,1,41.95,50.05,8.0,0.0,
AK-GOV,2,45.31,53.09,0.0,1.6,Other
AK-SEN,1,44.45,47.55,8.0,0.0,
AK-SEN,2,47.81,50.59,0.0,1.6,Other
ME-SEN,1,47.27,47.73,5.0,0.0,
ME-SEN,2,49.37,49.63,0.0,1.0,Other
AK-01,1,45.92,46.08,8.0,0.0,
AK-01,2,49.28,49.12,0.0,1.6,Other
ME-01,1,61.71,33.29,5.0,0.0,
ME-01,2,63.81,35.19,0.0,1.0,Other
ME-02,1,51.09,43.91,5.0,0.0,
ME-02,2,53.19,45.81,0.0,1.0,Other
