race_code,round,dem,rep,other,exhausted,eliminated
AK-GOV,1,41.46,50.54,8.0,0.0,
AK-GOV,2,44.82,53.58,0.0,1.6,Other
AK-SEN,1,45.07,46.93,8.0,0.0,
AK-SEN,2,48.43,49.97,0.0,1.6,Other
ME-SEN,1,47.94,47.06,5.0,0.0,
ME-SEN,2,50.04,48.96,0.0,1.0,Other
AK-01,1,41.87,50.13,8.0,0.0,
AK-01,2,45.47,52.93,0.0,1.6,Other
ME-01,1,62.09,32.91,5.0,0.0,
ME-01,2,64.19,34.81,0.0,1.0,Other
ME-02,1,45.08,49.92,5.0,0.0,
ME-02,2,47.18,51.82,0.0,1.0,Other
