race_code,round,dem,rep,other,exhausted,eliminated
AK-GOV,1,41.47,50.53,8.0,0.0,
AK-GOV,2,44.83,53.57,0.0,1.6,Other
AK-SEN,1,44.98,47.02,8.0,0.0,
AK-SEN,2,48.34,50.06,0.0,1.6,Other
ME-SEN,1,47.87,47.13,5.0,0.0,
ME-SEN,2,49.97,49.03,0.0,1.0,Other
AK-01,1,41.86,50.14,8.0,0.0,
AK-01,2,45.46,52.94,0.0,1.6,Other
ME-01,1,61.35,33.65,5.0,0.0,
ME-01,2,63.45,35.55,0.0,1.0,Other
ME-02,1,45.49,49.51,5.0,0.0,
ME-02,2,47.59,51.41,0.0,1.0,Other
