race_code,round,dem,rep,other,exhausted,eliminated
AK-GOV,1,42.96,49.04,8.0,0.0,
AK-GOV,2,46.32,52.08,0.0,1.6,Other
AK-SEN,1,44.94,47.06,8.0,0.0,
AK-SEN,2,48.3,50.1,0.0,1.6,Other
ME-SEN,1,47.05,47.95,5.0,0.0,
ME-SEN,2,49.15,49.85,0.0,1.0,Other
AK-01,1,43.65,48.35,8.0,0.0,
AK-01,2,47.01,51.39,0.0,1.6,Other
ME-01,1,60.65,34.35,5.0,0.0,
ME-01,2,62.75,36.25,0.0,1.0,Other
ME-02,1,48.77,46.23,5.0,0.0,
ME-02,2,50.87,48.13,0.0,1.0,Other
