race_code,round,dem,rep,other,exhausted,eliminated
AK-GOV,1,43.73,48.27,8.0,0.0,
AK-GOV,2,47.09,51.31,0.0,1.6,Other
AK-SEN,1,45.76,46.24,8.0,0.0,
AK-SEN,2,49.12,49.28,0.0,1.6,Other
ME-SEN,1,47.89,47.11,5.0,0.0,
ME-SEN,2,49.99,49.01,0.0,1.0,Other
AK-01,1,44.67,47.33,8.0,0.0,
AK-01,2,48.03,50.37,0.0,1.6,Other
ME-01,1,61.9,33.1,5.0,0.0,
ME-01,2,64.0,35.0,0.0,1.0,Other
ME-02,1,49.77,45.23,5.0,0.0,
ME-02,2,51.87,47.13,0.0,1.0,Other
