race_code,round,dem,rep,other,exhausted,eliminated
AK-GOV,1,44.07,47.93,8.0,0.0,
AK-GOV,2,47.43,50.97,0.0,1.6,Other
AK-SEN,1,46.22,45.78,8.0,0.0,
AK-SEN,2,49.58,48.82,0.0,1.6,Other
ME-SEN,1,48.41,46.59,5.0,0.0,
ME-SEN,2,50.51,48.49,0.0,1.0,Other
AK-01,1,45.93,46.07,8.0,0.0,
AK-01,2,49.29,49.11,0.0,1.6,Other
ME-01,1,62.55,32.45,5.0,0.0,
ME-01,2,64.65,34.35,0.0,1.0,Other
ME-02,1,50.67,44.33,5.0,0.0,
ME-02,2,52.77,46.23,0.0,1.0,Other
