race_code,round,dem,rep,other,exhausted,eliminated
AK-GOV,1,42.38,49.62,8.0,0.0,
AK-GOV,2,45.74,52.66,0.0,1.6,Other
AK-SEN,1,45.08,46.92,8.0,0.0,
AK-SEN,2,48.44,49.96,0.0,1.6,Other
ME-SEN,1,47.83,47.17,5.0,0.0,
ME-SEN,2,49.93,49.07,0.0,1.0,Other
AK-01,1,46.73,45.27,8.0,0.0,
AK-01,2,50.09,48.31,0.0,1.6,Other
ME-01,1,62.42,32.58,5.0,0.0,
ME-01,2,64.52,34.48,0.0,1.0,Other
ME-02,1,51.8,43.2,5.0,0.0,
ME-02,2,53.9,45.1,0.0,1.0,Other
