race_code,round,dem,rep,other,exhausted,eliminated
AK-GOV,1,41.9,50.1,8.0,0.0,
AK-GOV,2,45.26,53.14,0.0,1.6,Other
AK-SEN,1,45.48,46.52,8.0,0.0,
AK-SEN,2,48.84,49.56,0.0,1.6,Other
ME-SEN,1,48.22,46.78,5.0,0.0,
ME-SEN,2,50.32,48.68,0.0,1.0,Other
AK-01,1,42.42,49.58,8.0,0.0,
AK-01,2,46.02,52.38,0.0,1.6,Other
ME-01,1,62.69,32.31,5.0,0.0,
ME-01,2,64.79,34.21,0.0,1.0,Other
ME-02,1,44.92,50.08,5.0,0.0,
ME-02,2,47.02,51.98,0.0,1.0,Other
