race_code,round,dem,rep,other,exhausted,eliminated
AK-GOV,1,42.86,49.14,8.0,0.0,
AK-GOV,2,46.22,52.18,0.0,1.6,Other
AK-SEN,1,44.87,47.13,8.0,0.0,
AK-SEN,2,48.23,50.17,0.0,1.6,Other
ME-SEN,1,47.74,47.26,5.0,0.0,
ME-SEN,2,49.84,49.16,0.0,1.0,Other
AK-01,1,42.23,49.77,8.0,0.0,
AK-01,2,45.83,52.57,0.0,1.6,Other
ME-01,1,61.99,33.01,5.0,0.0,
ME-01,2,64.09,34.91,0.0,1.0,Other
ME-02,1,44.75,50.25,5.0,0.0,
ME-02,2,46.85,52.15,0.0,1.0,Other
