race_code,round,dem,rep,other,exhausted,eliminated
AK-GOV,1,42.86,49.14,8.0,0.0,
AK-GOV,2,46.46,51.94,0.0,1.6,Other
AK-SEN,1,44.9,47.1,8.0,0.0,
AK-SEN,2,48.26,50.14,0.0,1.6,Other
ME-SEN,1,46.08,48.92,5.0,0.0,
ME-SEN,2,48.18,50.82,0.0,1.0,Other
AK-01,1,42.3,49.7,8.0,0.0,
AK-01,2,45.9,52.5,0.0,1.6,Other
ME-01,1,61.64,33.36,5.0,0.0,
ME-01,2,63.74,35.26,0.0,1.0,Other
ME-02,1,44.45,50.55,5.0,0.0,
ME-02,2,46.55,52.45,0.0,1.0,Other
