race_code,round,dem,rep,other,exhausted,eliminated
AK-GOV,1,42.86,49.14,8.0,0.0,
AK-GOV,2,46.22,52.18,0.0,1.6,Other
AK-SEN,1,44.83,47.17,8.0,0.0,
AK-SEN,2,48.19,50.21,0.0,1.6,Other
ME-SEN,1,47.75,47.25,5.0,0.0,
ME-SEN,2,49.85,49.15,0.0,1.0,Other
AK-01,1,42.25,49.75,8.0,0.0,
AK-01,2,45.85,52.55,0.0,1.6,Other
ME-01,1,62.05,32.95,5.0,0.0,
ME-01,2,64.15,34.85,0.0,1.0,Other
ME-02,1,44.8,50.2,5.0,0.0,
ME-02,2,46.9,52.1,0.0,1.0,Other
