race_code,round,dem,rep,other,exhausted,eliminated
AK-GOV,1,42.85,49.15,8.0,0.0,
AK-GOV,2,46.21,52.19,0.0,1.6,Other
AK-SEN,1,44.01,47.99,8.0,0.0,
AK-SEN,2,47.37,51.03,0.0,1.6,Other
ME-SEN,1,45.96,49.04,5.0,0.0,
ME-SEN,2,48.06,50.94,0.0,1.0,Other
AK-01,1,44.04,47.96,8.0,0.0,
AK-01,2,47.4,51.0,0.0,1.6,Other
ME-01,1,59.83,35.17,5.0,0.0,
ME-01,2,61.93,37.07,0.0,1.0,Other
ME-02,1,48.57,46.43,5.0,0.0,
ME-02,2,50.67,48.33,0.0,1.0,Other
