race_code,round,dem,rep,other,exhausted,eliminated
AK-GOV,1,41.44,50.56,8.0,0.0,
AK-GOV,2,44.8,53.6,0.0,1.6,Other
AK-SEN,1,43.93,48.07,8.0,0.0,
AK-SEN,2,47.29,51.11,0.0,1.6,Other
ME-SEN,1,46.61,48.39,5.0,0.0,
ME-SEN,2,48.71,50.29,0.0,1.0,Other
AK-01,1,45.34,46.66,8.0,0.0,
AK-01,2,48.7,49.7,0.0,1.6,Other
ME-01,1,60.96,34.04,5.0,0.0,
ME-01,2,63.06,35.94,0.0,1.0,Other
ME-02,1,50.34,44.66,5.0,0.0,
ME-02,2,52.44,46.56,0.0,1.0,Other
