race_code,round,dem,rep,other,exhausted,eliminated
AK-GOV,1,42.82,49.18,8.0,0.0,
AK-GOV,2,46.18,52.22,0.0,1.6,Other
AK-SEN,1,43.95,48.05,8.0,0.0,
AK-SEN,2,47.31,51.09,0.0,1.6,Other
ME-SEN,1,45.96,49.04,5.0,0.0,
ME-SEN,2,48.06,50.94,0.0,1.0,Other
AK-01,1,43.99,48.01,8.0,0.0,
AK-01,2,47.35,51.05,0.0,1.6,Other
ME-01,1,59.73,35.27,5.0,0.0,
ME-01,2,61.83,37.17,0.0,1.0,Other
ME-02,1,48.48,46.52,5.0,0.0,
ME-02,2,50.58,48.42,0.0,1.0,Other
