race_code,round,dem,rep,other,exhausted,eliminated
AK-GOV,1,40.87,51.13,8.0,0.0,
AK-GOV,2,44.23,54.17,0.0,1.6,Other
AK-SEN,1,43.87,48.13,8.0,0.0,
AK-SEN,2,47.23,51.17,0.0,1.6,Other
ME-SEN,1,46.39,48.61,5.0,0.0,
ME-SEN,2,48.49,50.51,0.0,1.0,Other
AK-01,1,41.19,50.81,8.0,0.0,
AK-01,2,44.79,53.61,0.0,1.6,Other
ME-01,1,60.27,34.73,5.0,0.0,
ME-01,2,62.37,36.63,0.0,1.0,Other
ME-02,1,44.59,50.41,5.0,0.0,
ME-02,2,46.69,52.31,0.0,1.0,Other
