race_code,round,dem,rep,other,exhausted,eliminated
AK-GOV,1,43.62,48.38,8.0,0.0,
AK-GOV,2,46.98,51.42,0.0,1.6,Other
AK-SEN,1,44.92,47.08,8.0,0.0,
AK-SEN,2,48.28,50.12,0.0,1.6,Other
ME-SEN,1,46.85,48.15,5.0,0.0,
ME-SEN,2,48.95,50.05,0.0,1.0,Other
AK-01,1,45.16,46.84,8.0,0.0,
AK-01,2,48.52,49.88,0.0,1.6,Other
ME-01,1,61.01,33.99,5.0,0.0,
ME-01,2,63.11,35.89,0.0,1.0,Other
ME-02,1,49.55,45.45,5.0,0.0,
ME-02,2,51.65,47.35,0.0,1.0,Other
