race_code,round,dem,rep,other,exhausted,eliminated
AK-GOV,1,42.87,49.13,8.0,0.0,
AK-GOV,2,46.23,52.17,0.0,1.6,Other
AK-SEN,1,44.01,47.99,8.0,0.0,
AK-SEN,2,47.37,51.03,0.0,1.6,Other
ME-SEN,1,45.98,49.02,5.0,0.0,
ME-SEN,2,48.08,50.92,0.0,1.0,Other
AK-01,1,44.07,47.93,8.0,0.0,
AK-01,2,47.43,50.97,0.0,1.6,Other
ME-01,1,59.84,35.16,5.0,0.0,
ME-01,2,61.94,37.06,0.0,1.0,Other
ME-02,1,48.57,46.43,5.0,0.0,
ME-02,2,50.67,48.33,0.0,1.0,Other
