race_code,round,dem,rep,other,exhausted,eliminated
AK-GOV,1,41.46,50.54,8.0,0.0,
AK-GOV,2,44.82,53.58,0.0,1.6,Other
AK-SEN,1,43.88,48.12,8.0,0.0,
AK-SEN,2,47.24,51.16,0.0,1.6,Other
ME-SEN,1,46.64,48.36,5.0,0.0,
ME-SEN,2,48.74,50.26,0.0,1.0,Other
AK-01,1,45.31,46.69,8.0,0.0,
AK-01,2,48.67,49.73,0.0,1.6,Other
ME-01,1,61.07,33.93,5.0,0.0,
ME-01,2,63.17,35.83,0.0,1.0,Other
ME-02,1,50.45,44.55,5.0,0.0,
ME-02,2,52.55,46.45,0.0,1.0,Other
