race_code,round,dem,rep,other,exhausted,eliminated
AK-GOV,1,43.68,48.32,8.0,0.0,
AK-GOV,2,47.04,51.36,0.0,1.6,Other
AK-SEN,1,44.97,47.03,8.0,0.0,
AK-SEN,2,48.33,50.07,0.0,1.6,Other
ME-SEN,1,46.87,48.13,5.0,0.0,
ME-SEN,2,48.97,50.03,0.0,1.0,Other
AK-01,1,45.19,46.81,8.0,0.0,
AK-01,2,48.55,49.85,0.0,1.6,Other
ME-01,1,61.09,33.91,5.0,0.0,
ME-01,2,63.19,35.81,0.0,1.0,Other
ME-02,1,49.62,45.38,5.0,0.0,
ME-02,2,51.72,47.28,0.0,1.0,Other
