race_code,round,dem,rep,other,exhausted,eliminated
AK-GOV,1,41.66,50.34,8.0,0.0,
AK-GOV,2,45.02,53.38,0.0,1.6,Other
AK-SEN,1,45.26,46.74,8.0,0.0,
AK-SEN,2,48.62,49.78,0.0,1.6,Other
ME-SEN,1,48.08,46.92,5.0,0.0,
ME-SEN,2,50.18,48.82,0.0,1.0,Other
AK-01,1,42.12,49.88,8.0,0.0,
AK-01,2,45.72,52.68,0.0,1.6,Other
ME-01,1,62.35,32.65,5.0,0.0,
ME-01,2,64.45,34.55,0.0,1.0,Other
ME-02,1,45.62,49.38,5.0,0.0,
ME-02,2,47.72,51.28,0.0,1.0,Other
