race_code,round,dem,rep,other,exhausted,eliminated
AK-GOV,1,43.87,48.13,8.0,0.0,
AK-GOV,2,47.23,51.17,0.0,1.6,Other
AK-SEN,1,45.97,46.03,8.0,0.0,
AK-SEN,2,49.33,49.07,0.0,1.6,Other
ME-SEN,1,48.1,46.9,5.0,0.0,
ME-SEN,2,50.2,48.8,0.0,1.0,Other
AK-01,1,44.91,47.09,8.0,0.0,
AK-01,2,48.27,50.13,0.0,1.6,Other
ME-01,1,62.18,32.82,5.0,0.0,
ME-01,2,64.28,34.72,0.0,1.0,Other
ME-02,1,50.39,44.61,5.0,0.0,
ME-02,2,52.49,46.51,0.0,1.0,Other
