race_code,round,dem,rep,other,exhausted,eliminated
AK-GOV,1,43.1,48.9,8.0,0.0,
AK-GOV,2,46.46,51.94,0.0,1.6,Other
AK-SEN,1,45.07,46.93,8.0,0.0,
AK-SEN,2,48.43,49.97,0.0,1.6,Other
ME-SEN,1,47.26,47.74,5.0,0.0,
ME-SEN,2,49.36,49.64,0.0,1.0,Other
AK-01,1,43.87,48.13,8.0,0.0,
AK-01,2,47.23,51.17,0.0,1.6,Other
ME-01,1,60.86,34.14,5.0,0.0,
ME-01,2,62.96,36.04,0.0,1.0,Other
ME-02,1,49.35,45.65,5.0,0.0,
ME-02,2,51.45,47.55,0.0,1.0,Other
