race_code,round,dem,rep,other,exhausted,eliminated
AK-GOV,1,43.1,48.9,8.0,0.0,
AK-GOV,2,46.46,51.94,0.0,1.6,Other
AK-SEN,1,45.08,46.92,8.0,0.0,
AK-SEN,2,48.44,49.96,0.0,1.6,Other
ME-SEN,1,47.26,47.74,5.0,0.0,
ME-SEN,2,49.36,49.64,0.0,1.0,Other
AK-01,1,43.85,48.15,8.0,0.0,
AK-01,2,47.21,51.19,0.0,1.6,Other
ME-01,1,60.92,34.08,5.0,0.0,
ME-01,2,63.02,35.98,0.0,1.0,Other
ME-02,1,49.4,45.6,5.0,0.0,
ME-02,2,51.5,47.5,0.0,1.0,Other
