race_code,round,dem,rep,other,exhausted,eliminated
AK-GOV,1,41.66,50.34,8.0,0.0,
AK-GOV,2,45.02,53.38,0.0,1.6,Other
AK-SEN,1,45.19,46.81,8.0,0.0,
AK-SEN,2,48.55,49.85,0.0,1.6,Other
ME-SEN,1,48.01,46.99,5.0,0.0,
ME-SEN,2,50.11,48.89,0.0,1.0,Other
AK-01,1,42.12,49.88,8.0,0.0,
AK-01,2,45.72,52.68,0.0,1.6,Other
ME-01,1,61.6,33.4,5.0,0.0,
ME-01,2,63.7,35.3,0.0,1.0,Other
ME-02,1,46.0,49.0,5.0,0.0,
ME-02,2,48.1,50.9,0.0,1.0,Other
