race_code,round,dem,rep,other,exhausted,eliminated
AK-GOV,1,41.15,50.85,8.0,0.0,
AK-GOV,2,44.51,53.89,0.0,1.6,Other
AK-SEN,1,44.52,47.48,8.0,0.0,
AK-SEN,2,47.88,50.52,0.0,1.6,Other
ME-SEN,1,47.52,47.48,5.0,0.0,
ME-SEN,2,49.62,49.38,0.0,1.0,Other
AK-01,1,41.52,50.48,8.0,0.0,
AK-01,2,45.12,53.28,0.0,1.6,Other
ME-01,1,60.86,34.14,5.0,0.0,
ME-01,2,62.96,36.04,0.0,1.0,Other
ME-02,1,45.29,49.71,5.0,0.0,
ME-02,2,47.39,51.61,0.0,1.0,Other
