race_code,round,dem,rep,other,exhausted,eliminated
AK-GOV,1,44.38,47.62,8.0,0.0,
AK-GOV,2,47.74,50.66,0.0,1.6,Other
AK-SEN,1,45.48,46.52,8.0,0.0,
AK-SEN,2,48.84,49.56,0.0,1.6,Other
ME-SEN,1,47.59,47.41,5.0,0.0,
ME-SEN,2,49.69,49.31,0.0,1.0,Other
AK-01,1,44.46,47.54,8.0,0.0,
AK-01,2,47.82,50.58,0.0,1.6,Other
ME-01,1,61.44,33.56,5.0,0.0,
ME-01,2,63.54,35.46,0.0,1.0,Other
ME-02,1,49.8,45.2,5.0,0.0,
ME-02,2,51.9,47.1,0.0,1.0,Other
