race_code,round,dem,rep,other,exhausted,eliminated
AK-GOV,1,43.6,48.4,8.0,0.0,
AK-GOV,2,46.96,51.44,0.0,1.6,Other
AK-SEN,1,44.6,47.4,8.0,0.0,
AK-SEN,2,47.96,50.44,0.0,1.6,Other
ME-SEN,1,46.75,48.25,5.0,0.0,
ME-SEN,2,48.85,50.15,0.0,1.0,Other
AK-01,1,43.38,48.62,8.0,0.0,
AK-01,2,46.74,51.66,0.0,1.6,Other
ME-01,1,60.13,34.87,5.0,0.0,
ME-01,2,62.23,36.77,0.0,1.0,Other
ME-02,1,48.74,46.26,5.0,0.0,
ME-02,2,50.84,48.16,0.0,1.0,Other
