race_code,round,dem,rep,other,exhausted,eliminated
AK-GOV,1,41.07,50.93,8.0,0.0,
AK-GOV,2,44.43,53.97,0.0,1.6,Other
AK-SEN,1,44.14,47.86,8.0,0.0,
AK-SEN,2,47.5,50.9,0.0,1.6,Other
ME-SEN,1,47.34,47.66,5.0,0.0,
ME-SEN,2,49.44,49.56,0.0,1.0,Other
AK-01,1,41.4,50.6,8.0,0.0,
AK-01,2,45.0,53.4,0.0,1.6,Other
ME-01,1,61.6,33.4,5.0,0.0,
ME-01,2,63.7,35.3,0.0,1.0,Other
ME-02,1,44.89,50.11,5.0,0.0,
ME-02,2,46.99,52.01,0.0,1.0,Other
