race_code,round,dem,rep,other,exhausted,eliminated
AK-GOV,1,41.59,50.41,8.0,0.0,
AK-GOV,2,44.95,53.45,0.0,1.6,Other
AK-SEN,1,44.13,47.87,8.0,0.0,
AK-SEN,2,47.49,50.91,0.0,1.6,Other
ME-SEN,1,46.8,48.2,5.0,0.0,
ME-SEN,2,48.9,50.1,0.0,1.0,Other
AK-01,1,45.53,46.47,8.0,0.0,
AK-01,2,48.89,49.51,0.0,1.6,Other
ME-01,1,61.31,33.69,5.0,0.0,
ME-01,2,63.41,35.59,0.0,1.0,Other
ME-02,1,50.69,44.31,5.0,0.0,
ME-02,2,52.79,46.21,0.0,1.0,Other
