race_code,round,dem,rep,other,exhausted,eliminated
AK-GOV,1,44.35,47.65,8.0,0.0,
AK-GOV,2,47.71,50.69,0.0,1.6,Other
AK-SEN,1,45.22,46.78,8.0,0.0,
AK-SEN,2,48.58,49.82,0.0,1.6,Other
ME-SEN,1,47.31,47.69,5.0,0.0,
ME-SEN,2,49.41,49.59,0.0,1.0,Other
AK-01,1,45.66,46.34,8.0,0.0,
AK-01,2,49.02,49.38,0.0,1.6,Other
ME-01,1,61.35,33.65,5.0,0.0,
ME-01,2,63.45,35.55,0.0,1.0,Other
ME-02,1,49.73,45.27,5.0,0.0,
ME-02,2,51.83,47.17,0.0,1.0,Other
