race_code,round,dem,rep,other,exhausted,eliminated
AK-GOV,1,43.56,48.44,8.0,0.0,
AK-GOV,2,46.92,51.48,0.0,1.6,Other
AK-SEN,1,44.33,47.67,8.0,0.0,
AK-SEN,2,47.69,50.71,0.0,1.6,Other
ME-SEN,1,46.46,48.54,5.0,0.0,
ME-SEN,2,48.56,50.44,0.0,1.0,Other
AK-01,1,44.61,47.39,8.0,0.0,
AK-01,2,47.97,50.43,0.0,1.6,Other
ME-01,1,60.04,34.96,5.0,0.0,
ME-01,2,62.14,36.86,0.0,1.0,Other
ME-02,1,48.67,46.33,5.0,0.0,
ME-02,2,50.77,48.23,0.0,1.0,Other
