race_code,round,dem,rep,other,exhausted,eliminated
AK-GOV,1,41.07,50.93,8.0,0.0,
AK-GOV,2,44.43,53.97,0.0,1.6,Other
AK-SEN,1,44.04,47.96,8.0,0.0,
AK-SEN,2,47.4,51.0,0.0,1.6,Other
ME-SEN,1,47.26,47.74,5.0,0.0,
ME-SEN,2,49.36,49.64,0.0,1.0,Other
AK-01,1,41.3,50.7,8.0,0.0,
AK-01,2,44.9,53.5,0.0,1.6,Other
ME-01,1,60.75,34.25,5.0,0.0,
ME-01,2,62.85,36.15,0.0,1.0,Other
ME-02,1,45.2,49.8,5.0,0.0,
ME-02,2,47.3,51.7,0.0,1.0,Other
