race_code,round,dem,rep,other,exhausted,eliminated
AK-GOV,1,43.56,48.44,8.0,0.0,
AK-GOV,2,46.92,51.48,0.0,1.6,Other
AK-SEN,1,44.28,47.72,8.0,0.0,
AK-SEN,2,47.64,50.76,0.0,1.6,Other
ME-SEN,1,46.46,48.54,5.0,0.0,
ME-SEN,2,48.56,50.44,0.0,1.0,Other
AK-01,1,44.54,47.46,8.0,0.0,
AK-01,2,47.9,50.5,0.0,1.6,Other
ME-01,1,60.05,34.95,5.0,0.0,
ME-01,2,62.15,36.85,0.0,1.0,Other
ME-02,1,48.68,46.32,5.0,0.0,
ME-02,2,50.78,48.22,0.0,1.0,Other
