race_code,round,dem,rep,other,exhausted,eliminated
AK-GOV,1,42.86,49.14,8.0,0.0,
AK-GOV,2,46.22,52.18,0.0,1.6,Other
AK-SEN,1,44.87,47.13,8.0,0.0,
AK-SEN,2,48.23,50.17,0.0,1.6,Other
ME-SEN,1,47.84,47.16,5.0,0.0,
ME-SEN,2,49.94,49.06,0.0,1.0,Other
AK-01,1,42.28,49.72,8.0,0.0,
AK-01,2,45.88,52.52,0.0,1.6,Other
ME-01,1,62.32,32.68,5.0,0.0,
ME-01,2,64.42,34.58,0.0,1.0,Other
ME-02,1,44.64,50.36,5.0,0.0,
ME-02,2,46.74,52.26,0.0,1.0,Other
