race_code,round,dem,rep,other,exhausted,eliminated
AK-GOV,1,42.86,49.14,8.0,0.0,
AK-GOV,2,46.22,52.18,0.0,1.6,Other
AK-SEN,1,44.94,47.06,8.0,0.0,
AK-SEN,2,48.3,50.1,0.0,1.6,Other
ME-SEN,1,47.73,47.27,5.0,0.0,
ME-SEN,2,49.83,49.17,0.0,1.0,Other
AK-01,1,42.34,49.66,8.0,0.0,
AK-01,2,45.94,52.46,0.0,1.6,Other
ME-01,1,61.98,33.02,5.0,0.0,
ME-01,2,64.08,34.92,0.0,1.0,Other
ME-02,1,44.74,50.26,5.0,0.0,
ME-02,2,46.84,52.16,0.0,1.0,Other
