race_code,round,dem,rep,other,exhausted,eliminated
AK-GOV,1,44.23,47.77,8.0,0.0,
AK-GOV,2,47.59,50.81,0.0,1.6,Other
AK-SEN,1,45.06,46.94,8.0,0.0,
AK-SEN,2,48.42,49.98,0.0,1.6,Other
ME-SEN,1,46.86,48.14,5.0,0.0,
ME-SEN,2,48.96,50.04,0.0,1.0,Other
AK-01,1,45.48,46.52,8.0,0.0,
AK-01,2,48.84,49.56,0.0,1.6,Other
ME-01,1,61.1,33.9,5.0,0.0,
ME-01,2,63.2,35.8,0.0,1.0,Other
ME-02,1,49.63,45.37,5.0,0.0,
ME-02,2,51.73,47.27,0.0,1.0,Other
