race_code,round,dem,rep,other,exhausted,eliminated
AK-GOV,1,41.45,50.55,8.0,0.0,
AK-GOV,2,44.81,53.59,0.0,1.6,Other
AK-SEN,1,43.9,48.1,8.0,0.0,
AK-SEN,2,47.26,51.14,0.0,1.6,Other
ME-SEN,1,46.62,48.38,5.0,0.0,
ME-SEN,2,48.72,50.28,0.0,1.0,Other
AK-01,1,45.31,46.69,8.0,0.0,
AK-01,2,48.67,49.73,0.0,1.6,Other
ME-01,1,60.99,34.01,5.0,0.0,
ME-01,2,63.09,35.91,0.0,1.0,Other
ME-02,1,50.37,44.63,5.0,0.0,
ME-02,2,52.47,46.53,0.0,1.0,Other
