race_code,round,dem,rep,other,exhausted,eliminated
AK-GOV,1,43.45,48.55,8.0,0.0,
AK-GOV,2,46.81,51.59,0.0,1.6,Other
AK-SEN,1,44.15,47.85,8.0,0.0,
AK-SEN,2,47.51,50.89,0.0,1.6,Other
ME-SEN,1,45.97,49.03,5.0,0.0,
ME-SEN,2,48.07,50.93,0.0,1.0,Other
AK-01,1,44.38,47.62,8.0,0.0,
AK-01,2,47.74,50.66,0.0,1.6,Other
ME-01,1,59.78,35.22,5.0,0.0,
ME-01,2,61.88,37.12,0.0,1.0,Other
ME-02,1,48.52,46.48,5.0,0.0,
ME-02,2,50.62,48.38,0.0,1.0,Other
