race_code,round,dem,rep,other,exhausted,eliminated
AK-GOV,1,43.45,48.55,8.0,0.0,
AK-GOV,2,46.81,51.59,0.0,1.6,Other
AK-SEN,1,44.21,47.79,8.0,0.0,
AK-SEN,2,47.57,50.83,0.0,1.6,Other
ME-SEN,1,45.97,49.03,5.0,0.0,
ME-SEN,2,48.07,50.93,0.0,1.0,Other
AK-01,1,44.48,47.52,8.0,0.0,
AK-01,2,47.84,50.56,0.0,1.6,Other
ME-01,1,59.8,35.2,5.0,0.0,
ME-01,2,61.9,37.1,0.0,1.0,Other
ME-02,1,48.54,46.46,5.0,0.0,
ME-02,2,50.64,48.36,0.0,1.0,Other
