race_code,round,dem,rep,other,exhausted,eliminated
AK-GOV,1,40.97,51.03,8.0,0.0,
AK-GOV,2,44.33,54.07,0.0,1.6,Other
AK-SEN,1,43.95,48.05,8.0,0.0,
AK-SEN,2,47.31,51.09,0.0,1.6,Other
ME-SEN,1,47.19,47.81,5.0,0.0,
ME-SEN,2,49.29,49.71,0.0,1.0,Other
AK-01,1,41.27,50.73,8.0,0.0,
AK-01,2,44.87,53.53,0.0,1.6,Other
ME-01,1,60.6,34.4,5.0,0.0,
ME-01,2,62.7,36.3,0.0,1.0,Other
ME-02,1,45.08,49.92,5.0,0.0,
ME-02,2,47.18,51.82,0.0,1.0,Other
