race_code,round,dem,rep,other,exhausted,eliminated
AK-GOV,1,41.5,50.5,8.0,0.0,
AK-GOV,2,44.86,53.54,0.0,1.6,Other
AK-SEN,1,43.87,48.13,8.0,0.0,
AK-SEN,2,47.23,51.17,0.0,1.6,Other
ME-SEN,1,46.69,48.31,5.0,0.0,
ME-SEN,2,48.79,50.21,0.0,1.0,Other
AK-01,1,45.38,46.62,8.0,0.0,
AK-01,2,48.74,49.66,0.0,1.6,Other
ME-01,1,61.06,33.94,5.0,0.0,
ME-01,2,63.16,35.84,0.0,1.0,Other
ME-02,1,50.44,44.56,5.0,0.0,
ME-02,2,52.54,46.46,0.0,1.0,Other
