race_code,round,dem,rep,other,exhausted,eliminated
AK-GOV,1,44.27,47.73,8.0,0.0,
AK-GOV,2,47.63,50.77,0.0,1.6,Other
AK-SEN,1,45.07,46.93,8.0,0.0,
AK-SEN,2,48.43,49.97,0.0,1.6,Other
ME-SEN,1,47.32,47.68,5.0,0.0,
ME-SEN,2,49.42,49.58,0.0,1.0,Other
AK-01,1,45.49,46.51,8.0,0.0,
AK-01,2,48.85,49.55,0.0,1.6,Other
ME-01,1,61.2,33.8,5.0,0.0,
ME-01,2,63.3,35.7,0.0,1.0,Other
ME-02,1,49.73,45.27,5.0,0.0,
ME-02,2,51.83,47.17,0.0,1.0,Other
