race_code,round,dem,rep,other,exhausted,eliminated
AK-GOV,1,43.11,48.89,8.0,0.0,
AK-GOV,2,46.47,51.93,0.0,1.6,Other
AK-SEN,1,45.05,46.95,8.0,0.0,
AK-SEN,2,48.41,49.99,0.0,1.6,Other
ME-SEN,1,47.27,47.73,5.0,0.0,
ME-SEN,2,49.37,49.63,0.0,1.0,Other
AK-01,1,43.85,48.15,8.0,0.0,
AK-01,2,47.21,51.19,0.0,1.6,Other
ME-01,1,60.83,34.17,5.0,0.0,
ME-01,2,62.93,36.07,0.0,1.0,Other
ME-02,1,49.33,45.67,5.0,0.0,
ME-02,2,51.43,47.57,0.0,1.0,Other
