race_code,round,dem,rep,other,exhausted,eliminated
AK-GOV,1,43.88,48.12,8.0,0.0,
AK-GOV,2,47.24,51.16,0.0,1.6,Other
AK-SEN,1,45.96,46.04,8.0,0.0,
AK-SEN,2,49.32,49.08,0.0,1.6,Other
ME-SEN,1,48.1,46.9,5.0,0.0,
ME-SEN,2,50.2,48.8,0.0,1.0,Other
AK-01,1,44.91,47.09,8.0,0.0,
AK-01,2,48.27,50.13,0.0,1.6,Other
ME-01,1,62.16,32.84,5.0,0.0,
ME-01,2,64.26,34.74,0.0,1.0,Other
ME-02,1,50.37,44.63,5.0,0.0,
ME-02,2,52.47,46.53,0.0,1.0,Other
