race_code,round,dem,rep,other,exhausted,eliminated
AK-GOV,1,42.14,49.86,8.0,0.0,
AK-GOV,2,45.5,52.9,0.0,1.6,Other
AK-SEN,1,44.65,47.35,8.0,0.0,
AK-SEN,2,48.01,50.39,0.0,1.6,Other
ME-SEN,1,47.51,47.49,5.0,0.0,
ME-SEN,2,49.61,49.39,0.0,1.0,Other
AK-01,1,46.27,45.73,8.0,0.0,
AK-01,2,49.63,48.77,0.0,1.6,Other
ME-01,1,62.01,32.99,5.0,0.0,
ME-01,2,64.11,34.89,0.0,1.0,Other
ME-02,1,51.39,43.61,5.0,0.0,
ME-02,2,53.49,45.51,0.0,1.0,Other
