race_code,round,dem,rep,other,exhausted,eliminated
AK-GOV,1,44.37,47.63,8.0,0.0,
AK-GOV,2,47.73,50.67,0.0,1.6,Other
AK-SEN,1,45.46,46.54,8.0,0.0,
AK-SEN,2,48.82,49.58,0.0,1.6,Other
ME-SEN,1,47.6,47.4,5.0,0.0,
ME-SEN,2,49.7,49.3,0.0,1.0,Other
AK-01,1,44.43,47.57,8.0,0.0,
AK-01,2,47.79,50.61,0.0,1.6,Other
ME-01,1,61.39,33.61,5.0,0.0,
ME-01,2,63.49,35.51,0.0,1.0,Other
ME-02,1,49.76,45.24,5.0,0.0,
ME-02,2,51.86,47.14,0.0,1.0,Other
