race_code,round,dem,rep,other,exhausted,eliminated
AK-GOV,1,41.62,50.38,8.0,0.0,
AK-GOV,2,44.98,53.42,0.0,1.6,Other
AK-SEN,1,44.09,47.91,8.0,0.0,
AK-SEN,2,47.45,50.95,0.0,1.6,Other
ME-SEN,1,46.85,48.15,5.0,0.0,
ME-SEN,2,48.95,50.05,0.0,1.0,Other
AK-01,1,45.57,46.43,8.0,0.0,
AK-01,2,48.93,49.47,0.0,1.6,Other
ME-01,1,61.26,33.74,5.0,0.0,
ME-01,2,63.36,35.64,0.0,1.0,Other
ME-02,1,50.64,44.36,5.0,0.0,
ME-02,2,52.74,46.26,0.0,1.0,Other
