race_code,round,dem,rep,other,exhausted,eliminated
AK-GOV,1,42.88,49.12,8.0,0.0,
AK-GOV,2,46.24,52.16,0.0,1.6,Other
AK-SEN,1,44.08,47.92,8.0,0.0,
AK-SEN,2,47.44,50.96,0.0,1.6,Other
ME-SEN,1,45.99,49.01,5.0,0.0,
ME-SEN,2,48.09,50.91,0.0,1.0,Other
AK-01,1,44.09,47.91,8.0,0.0,
AK-01,2,47.45,50.95,0.0,1.6,Other
ME-01,1,59.81,35.19,5.0,0.0,
ME-01,2,61.91,37.09,0.0,1.0,Other
ME-02,1,48.54,46.46,5.0,0.0,
ME-02,2,50.64,48.36,0.0,1.0,Other
