race_code,round,dem,rep,other,exhausted,eliminated
AK-GOV,1,42.88,49.12,8.0,0.0,
AK-GOV,2,46.24,52.16,0.0,1.6,Other
AK-SEN,1,44.07,47.93,8.0,0.0,
AK-SEN,2,47.43,50.97,0.0,1.6,Other
ME-SEN,1,45.99,49.01,5.0,0.0,
ME-SEN,2,48.09,50.91,0.0,1.0,Other
AK-01,1,44.19,47.81,8.0,0.0,
AK-01,2,47.55,50.85,0.0,1.6,Other
ME-01,1,59.79,35.21,5.0,0.0,
ME-01,2,61.89,37.11,0.0,1.0,Other
ME-02,1,48.53,46.47,5.0,0.0,
ME-02,2,50.63,48.37,0.0,1.0,Other
