race_code,round,dem,rep,other,exhausted,eliminated
AK-GOV,1,40.93,51.07,8.0,0.0,
AK-GOV,2,44.29,54.11,0.0,1.6,Other
AK-SEN,1,43.85,48.15,8.0,0.0,
AK-SEN,2,47.21,51.19,0.0,1.6,Other
ME-SEN,1,46.49,48.51,5.0,0.0,
ME-SEN,2,48.59,50.41,0.0,1.0,Other
AK-01,1,41.12,50.88,8.0,0.0,
AK-01,2,44.72,53.68,0.0,1.6,Other
ME-01,1,60.41,34.59,5.0,0.0,
ME-01,2,62.51,36.49,0.0,1.0,Other
ME-02,1,44.71,50.29,5.0,0.0,
ME-02,2,46.81,52.19,0.0,1.0,Other
