race_code,round,dem,rep,other,exhausted,eliminated
AK-GOV,1,41.47,50.53,8.0,0.0,
AK-GOV,2,44.83,53.57,0.0,1.6,Other
AK-SEN,1,43.85,48.15,8.0,0.0,
AK-SEN,2,47.21,51.19,0.0,1.6,Other
ME-SEN,1,46.65,48.35,5.0,0.0,
ME-SEN,2,48.75,50.25,0.0,1.0,Other
AK-01,1,45.37,46.63,8.0,0.0,
AK-01,2,48.73,49.67,0.0,1.6,Other
ME-01,1,61.09,33.91,5.0,0.0,
ME-01,2,63.19,35.81,0.0,1.0,Other
ME-02,1,50.47,44.53,5.0,0.0,
ME-02,2,52.57,46.43,0.0,1.0,Other
