race_code,round,dem,rep,other,exhausted,eliminated
AK-GOV,1,40.9,51.1,8.0,0.0,
AK-GOV,2,44.26,54.14,0.0,1.6,Other
AK-SEN,1,43.93,48.07,8.0,0.0,
AK-SEN,2,47.29,51.11,0.0,1.6,Other
ME-SEN,1,46.46,48.54,5.0,0.0,
ME-SEN,2,48.56,50.44,0.0,1.0,Other
AK-01,1,41.21,50.79,8.0,0.0,
AK-01,2,44.81,53.59,0.0,1.6,Other
ME-01,1,60.32,34.68,5.0,0.0,
ME-01,2,62.42,36.58,0.0,1.0,Other
ME-02,1,44.63,50.37,5.0,0.0,
ME-02,2,46.73,52.27,0.0,1.0,Other
