race_code,round,dem,rep,other,exhausted,eliminated
AK-GOV,1,40.89,51.11,8.0,0.0,
AK-GOV,2,44.25,54.15,0.0,1.6,Other
AK-SEN,1,43.99,48.01,8.0,0.0,
AK-SEN,2,47.35,51.05,0.0,1.6,Other
ME-SEN,1,46.54,48.46,5.0,0.0,
ME-SEN,2,48.64,50.36,0.0,1.0,Other
AK-01,1,41.14,50.86,8.0,0.0,
AK-01,2,44.74,53.66,0.0,1.6,Other
ME-01,1,61.12,33.88,5.0,0.0,
ME-01,2,63.22,35.78,0.0,1.0,Other
ME-02,1,44.28,50.72,5.0,0.0,
ME-02,2,46.38,52.62,0.0,1.0,Other
