race_code,round,dem,rep,other,exhausted,eliminated
AK-GOV,1,43.66,48.34,8.0,0.0,
AK-GOV,2,47.02,51.38,0.0,1.6,Other
AK-SEN,1,44.99,47.01,8.0,0.0,
AK-SEN,2,48.35,50.05,0.0,1.6,Other
ME-SEN,1,46.84,48.16,5.0,0.0,
ME-SEN,2,48.94,50.06,0.0,1.0,Other
AK-01,1,45.21,46.79,8.0,0.0,
AK-01,2,48.57,49.83,0.0,1.6,Other
ME-01,1,61.08,33.92,5.0,0.0,
ME-01,2,63.18,35.82,0.0,1.0,Other
ME-02,1,49.61,45.39,5.0,0.0,
ME-02,2,51.71,47.29,0.0,1.0,Other
