race_code,round,dem,rep,other,exhausted,eliminated
AK-GOV,1,43.59,48.41,8.0,0.0,
AK-GOV,2,46.95,51.45,0.0,1.6,Other
AK-SEN,1,44.58,47.42,8.0,0.0,
AK-SEN,2,47.94,50.46,0.0,1.6,Other
ME-SEN,1,46.75,48.25,5.0,0.0,
ME-SEN,2,48.85,50.15,0.0,1.0,Other
AK-01,1,43.44,48.56,8.0,0.0,
AK-01,2,46.8,51.6,0.0,1.6,Other
ME-01,1,60.19,34.81,5.0,0.0,
ME-01,2,62.29,36.71,0.0,1.0,Other
ME-02,1,48.79,46.21,5.0,0.0,
ME-02,2,50.89,48.11,0.0,1.0,Other
