race_code,round,dem,rep,other,exhausted,eliminated
AK-GOV,1,41.1,50.9,8.0,0.0,
AK-GOV,2,44.46,53.94,0.0,1.6,Other
AK-SEN,1,44.48,47.52,8.0,0.0,
AK-SEN,2,47.84,50.56,0.0,1.6,Other
ME-SEN,1,47.48,47.52,5.0,0.0,
ME-SEN,2,49.58,49.42,0.0,1.0,Other
AK-01,1,41.43,50.57,8.0,0.0,
AK-01,2,45.03,53.37,0.0,1.6,Other
ME-01,1,61.54,33.46,5.0,0.0,
ME-01,2,63.64,35.36,0.0,1.0,Other
ME-02,1,44.84,50.16,5.0,0.0,
ME-02,2,46.94,52.06,0.0,1.0,Other
