race_code,round,dem,rep,other,exhausted,eliminated
AK-GOV,1,41.11,50.89,8.0,0.0,
AK-GOV,2,44.47,53.93,0.0,1.6,Other
AK-SEN,1,44.48,47.52,8.0,0.0,
AK-SEN,2,47.84,50.56,0.0,1.6,Other
ME-SEN,1,47.41,47.59,5.0,0.0,
ME-SEN,2,49.51,49.49,0.0,1.0,Other
AK-01,1,41.48,50.52,8.0,0.0,
AK-01,2,45.08,53.32,0.0,1.6,Other
ME-01,1,60.81,34.19,5.0,0.0,
ME-01,2,62.91,36.09,0.0,1.0,Other
ME-02,1,45.25,49.75,5.0,0.0,
ME-02,2,47.35,51.65,0.0,1.0,Other
