race_code,round,dem,rep,other,exhausted,eliminated
AK-GOV,1,41.62,50.38,8.0,0.0,
AK-GOV,2,44.98,53.42,0.0,1.6,Other
AK-SEN,1,44.14,47.86,8.0,0.0,
AK-SEN,2,47.5,50.9,0.0,1.6,Other
ME-SEN,1,46.85,48.15,5.0,0.0,
ME-SEN,2,48.95,50.05,0.0,1.0,Other
AK-01,1,45.6,46.4,8.0,0.0,
AK-01,2,48.96,49.44,0.0,1.6,Other
ME-01,1,61.33,33.67,5.0,0.0,
ME-01,2,63.43,35.57,0.0,1.0,Other
ME-02,1,50.71,44.29,5.0,0.0,
ME-02,2,52.81,46.19,0.0,1.0,Other
