race_code,round,dem,rep,other,exhausted,eliminated
AK-GOV,1,43.59,48.41,8.0,0.0,
AK-GOV,2,46.95,51.45,0.0,1.6,Other
AK-SEN,1,44.57,47.43,8.0,0.0,
AK-SEN,2,47.93,50.47,0.0,1.6,Other
ME-SEN,1,46.75,48.25,5.0,0.0,
ME-SEN,2,48.85,50.15,0.0,1.0,Other
AK-01,1,43.4,48.6,8.0,0.0,
AK-01,2,46.76,51.64,0.0,1.6,Other
ME-01,1,60.19,34.81,5.0,0.0,
ME-01,2,62.29,36.71,0.0,1.0,Other
ME-02,1,48.78,46.22,5.0,0.0,
ME-02,2,50.88,48.12,0.0,1.0,Other
