race_code,round,dem,rep,other,exhausted,eliminated
AK-GOV,1,42.87,49.13,8.0,0.0,
AK-GOV,2,46.23,52.17,0.0,1.6,Other
AK-SEN,1,44.86,47.14,8.0,0.0,
AK-SEN,2,48.22,50.18,0.0,1.6,Other
ME-SEN,1,47.75,47.25,5.0,0.0,
ME-SEN,2,49.85,49.15,0.0,1.0,Other
AK-01,1,42.26,49.74,8.0,0.0,
AK-01,2,45.86,52.54,0.0,1.6,Other
ME-01,1,62.02,32.98,5.0,0.0,
ME-01,2,64.12,34.88,0.0,1.0,Other
ME-02,1,44.77,50.23,5.0,0.0,
ME-02,2,46.87,52.13,0.0,1.0,Other
