race_code,round,dem,rep,other,exhausted,eliminated
AK-GOV,1,44.25,47.75,8.0,0.0,
AK-GOV,2,47.61,50.79,0.0,1.6,Other
AK-SEN,1,45.0,47.0,8.0,0.0,
AK-SEN,2,48.36,50.04,0.0,1.6,Other
ME-SEN,1,47.29,47.71,5.0,0.0,
ME-SEN,2,49.39,49.61,0.0,1.0,Other
AK-01,1,45.44,46.56,8.0,0.0,
AK-01,2,48.8,49.6,0.0,1.6,Other
ME-01,1,61.09,33.91,5.0,0.0,
ME-01,2,63.19,35.81,0.0,1.0,Other
ME-02,1,49.64,45.36,5.0,0.0,
ME-02,2,51.74,47.26,0.0,1.0,Other
