race_code,round,dem,rep,other,exhausted,eliminated
AK-GOV,1,40.93,51.07,8.0,0.0,
AK-GOV,2,44.29,54.11,0.0,1.6,Other
AK-SEN,1,44.06,47.94,8.0,0.0,
AK-SEN,2,47.42,50.98,0.0,1.6,Other
ME-SEN,1,47.24,47.76,5.0,0.0,
ME-SEN,2,49.34,49.66,0.0,1.0,Other
AK-01,1,41.23,50.77,8.0,0.0,
AK-01,2,44.83,53.57,0.0,1.6,Other
ME-01,1,61.28,33.72,5.0,0.0,
ME-01,2,63.38,35.62,0.0,1.0,Other
ME-02,1,44.62,50.38,5.0,0.0,
ME-02,2,46.72,52.28,0.0,1.0,Other
