race_code,round,dem,rep,other,exhausted,eliminated
AK-GOV,1,43.47,48.53,8.0,0.0,
AK-GOV,2,46.83,51.57,0.0,1.6,Other
AK-SEN,1,44.15,47.85,8.0,0.0,
AK-SEN,2,47.51,50.89,0.0,1.6,Other
ME-SEN,1,46.41,48.59,5.0,0.0,
ME-SEN,2,48.51,50.49,0.0,1.0,Other
AK-01,1,44.42,47.58,8.0,0.0,
AK-01,2,47.78,50.62,0.0,1.6,Other
ME-01,1,59.99,35.01,5.0,0.0,
ME-01,2,62.09,36.91,0.0,1.0,Other
ME-02,1,48.73,46.27,5.0,0.0,
ME-02,2,50.83,48.17,0.0,1.0,Other
