race_code,round,dem,rep,other,exhausted,eliminated
AK-GOV,1,41.01,50.99,8.0,0.0,
AK-GOV,2,44.37,54.03,0.0,1.6,Other
AK-SEN,1,44.06,47.94,8.0,0.0,
AK-SEN,2,47.42,50.98,0.0,1.6,Other
ME-SEN,1,47.28,47.72,5.0,0.0,
ME-SEN,2,49.38,49.62,0.0,1.0,Other
AK-01,1,41.3,50.7,8.0,0.0,
AK-01,2,44.9,53.5,0.0,1.6,Other
ME-01,1,61.41,33.59,5.0,0.0,
ME-01,2,63.51,35.49,0.0,1.0,Other
ME-02,1,44.73,50.27,5.0,0.0,
ME-02,2,46.83,52.17,0.0,1.0,Other
