race_code,round,dem,rep,other,exhausted,eliminated
AK-GOV,1,41.01,50.99,8.0,0.0,
AK-GOV,2,44.37,54.03,0.0,1.6,Other
AK-SEN,1,44.14,47.86,8.0,0.0,
AK-SEN,2,47.5,50.9,0.0,1.6,Other
ME-SEN,1,47.28,47.72,5.0,0.0,
ME-SEN,2,49.38,49.62,0.0,1.0,Other
AK-01,1,41.35,50.65,8.0,0.0,
AK-01,2,44.95,53.45,0.0,1.6,Other
ME-01,1,61.43,33.57,5.0,0.0,
ME-01,2,63.53,35.47,0.0,1.0,Other
ME-02,1,44.09,50.91,5.0,0.0,
ME-02,2,46.19,52.81,0.0,1.0,Other
