race_code,round,dem,rep,other,exhausted,eliminated
AK-GOV,1,44.3,47.7,8.0,0.0,
AK-GOV,2,47.66,50.74,0.0,1.6,Other
AK-SEN,1,45.15,46.85,8.0,0.0,
AK-SEN,2,48.51,49.89,0.0,1.6,Other
ME-SEN,1,47.27,47.73,5.0,0.0,
ME-SEN,2,49.37,49.63,0.0,1.0,Other
AK-01,1,45.58,46.42,8.0,0.0,
AK-01,2,48.94,49.46,0.0,1.6,Other
ME-01,1,61.24,33.76,5.0,0.0,
ME-01,2,63.34,35.66,0.0,1.0,Other
ME-02,1,49.65,45.35,5.0,0.0,
ME-02,2,51.75,47.25,0.0,1.0,Other
