race_code,round,dem,rep,other,exhausted,eliminated
AK-GOV,1,41.62,50.38,8.0,0.0,
AK-GOV,2,44.98,53.42,0.0,1.6,Other
AK-SEN,1,44.12,47.88,8.0,0.0,
AK-SEN,2,47.48,50.92,0.0,1.6,Other
ME-SEN,1,46.85,48.15,5.0,0.0,
ME-SEN,2,48.95,50.05,0.0,1.0,Other
AK-01,1,45.56,46.44,8.0,0.0,
AK-01,2,48.92,49.48,0.0,1.6,Other
ME-01,1,61.31,33.69,5.0,0.0,
ME-01,2,63.41,35.59,0.0,1.0,Other
ME-02,1,50.69,44.31,5.0,0.0,
ME-02,2,52.79,46.21,0.0,1.0,Other
