race_code,round,dem,rep,other,exhausted,eliminated
AK-GOV,1,41.11,50.89,8.0,0.0,
AK-GOV,2,44.47,53.93,0.0,1.6,Other
AK-SEN,1,44.4,47.6,8.0,0.0,
AK-SEN,2,47.76,50.64,0.0,1.6,Other
ME-SEN,1,47.41,47.59,5.0,0.0,
ME-SEN,2,49.51,49.49,0.0,1.0,Other
AK-01,1,41.41,50.59,8.0,0.0,
AK-01,2,45.01,53.39,0.0,1.6,Other
ME-01,1,60.75,34.25,5.0,0.0,
ME-01,2,62.85,36.15,0.0,1.0,Other
ME-02,1,45.2,49.8,5.0,0.0,
ME-02,2,47.3,51.7,0.0,1.0,Other
