race_code,round,dem,rep,other,exhausted,eliminated
AK-GOV,1,41.11,50.89,8.0,0.0,
AK-GOV,2,44.47,53.93,0.0,1.6,Other
AK-SEN,1,44.51,47.49,8.0,0.0,
AK-SEN,2,47.87,50.53,0.0,1.6,Other
ME-SEN,1,47.48,47.52,5.0,0.0,
ME-SEN,2,49.58,49.42,0.0,1.0,Other
AK-01,1,41.42,50.58,8.0,0.0,
AK-01,2,45.02,53.38,0.0,1.6,Other
ME-01,1,61.63,33.37,5.0,0.0,
ME-01,2,63.73,35.27,0.0,1.0,Other
ME-02,1,44.25,50.75,5.0,0.0,
ME-02,2,46.35,52.65,0.0,1.0,Other
