race_code,round,dem,rep,other,exhausted,eliminated
AK-GOV,1,41.39,50.61,8.0,0.0,
AK-GOV,2,44.75,53.65,0.0,1.6,Other
AK-SEN,1,43.79,48.21,8.0,0.0,
AK-SEN,2,47.15,51.25,0.0,1.6,Other
ME-SEN,1,46.55,48.45,5.0,0.0,
ME-SEN,2,48.65,50.35,0.0,1.0,Other
AK-01,1,45.21,46.79,8.0,0.0,
AK-01,2,48.57,49.83,0.0,1.6,Other
ME-01,1,60.9,34.1,5.0,0.0,
ME-01,2,63.0,36.0,0.0,1.0,Other
ME-02,1,50.28,44.72,5.0,0.0,
ME-02,2,52.38,46.62,0.0,1.0,Other
