race_code,round,dem,rep,other,exhausted,eliminated
AK-GOV,1,42.82,49.18,8.0,0.0,
AK-GOV,2,46.18,52.22,0.0,1.6,Other
AK-SEN,1,43.9,48.1,8.0,0.0,
AK-SEN,2,47.26,51.14,0.0,1.6,Other
ME-SEN,1,45.96,49.04,5.0,0.0,
ME-SEN,2,48.06,50.94,0.0,1.0,Other
AK-01,1,44.0,48.0,8.0,0.0,
AK-01,2,47.36,51.04,0.0,1.6,Other
ME-01,1,59.78,35.22,5.0,0.0,
ME-01,2,61.88,37.12,0.0,1.0,Other
ME-02,1,48.52,46.48,5.0,0.0,
ME-02,2,50.62,48.38,0.0,1.0,Other
