race_code,round,dem,rep,other,exhausted,eliminated
AK-GOV,1,40.87,51.13,8.0,0.0,
AK-GOV,2,44.23,54.17,0.0,1.6,Other
AK-SEN,1,43.92,48.08,8.0,0.0,
AK-SEN,2,47.28,51.12,0.0,1.6,Other
ME-SEN,1,46.39,48.61,5.0,0.0,
ME-SEN,2,48.49,50.51,0.0,1.0,Other
AK-01,1,41.09,50.91,8.0,0.0,
AK-01,2,44.69,53.71,0.0,1.6,Other
ME-01,1,60.38,34.62,5.0,0.0,
ME-01,2,62.48,36.52,0.0,1.0,Other
ME-02,1,44.69,50.31,5.0,0.0,
ME-02,2,46.79,52.21,0.0,1.0,Other
