race_code,round,dem,rep,other,exhausted,eliminated
AK-GOV,1,43.62,48.38,8.0,0.0,
AK-GOV,2,46.98,51.42,0.0,1.6,Other
AK-SEN,1,44.76,47.24,8.0,0.0,
AK-SEN,2,48.12,50.28,0.0,1.6,Other
ME-SEN,1,46.85,48.15,5.0,0.0,
ME-SEN,2,48.95,50.05,0.0,1.0,Other
AK-01,1,45.02,46.98,8.0,0.0,
AK-01,2,48.38,50.02,0.0,1.6,Other
ME-01,1,60.97,34.03,5.0,0.0,
ME-01,2,63.07,35.93,0.0,1.0,Other
ME-02,1,49.53,45.47,5.0,0.0,
ME-02,2,51.63,47.37,0.0,1.0,Other
