race_code,round,dem,rep,other,exhausted,eliminated
AK-GOV,1,43.54,48.46,8.0,0.0,
AK-GOV,2,46.9,51.5,0.0,1.6,Other
AK-SEN,1,45.65,46.35,8.0,0.0,
AK-SEN,2,49.01,49.39,0.0,1.6,Other
ME-SEN,1,47.67,47.33,5.0,0.0,
ME-SEN,2,49.77,49.23,0.0,1.0,Other
AK-01,1,44.46,47.54,8.0,0.0,
AK-01,2,47.82,50.58,0.0,1.6,Other
ME-01,1,61.5,33.5,5.0,0.0,
ME-01,2,63.6,35.4,0.0,1.0,Other
ME-02,1,49.84,45.16,5.0,0.0,
ME-02,2,51.94,47.06,0.0,1.0,Other
