race_code,round,dem,rep,other,exhausted,eliminated
AK-GOV,1,41.71,50.29,8.0,0.0,
AK-GOV,2,45.07,53.33,0.0,1.6,Other
AK-SEN,1,44.21,47.79,8.0,0.0,
AK-SEN,2,47.57,50.83,0.0,1.6,Other
ME-SEN,1,46.96,48.04,5.0,0.0,
ME-SEN,2,49.06,49.94,0.0,1.0,Other
AK-01,1,45.75,46.25,8.0,0.0,
AK-01,2,49.11,49.29,0.0,1.6,Other
ME-01,1,61.39,33.61,5.0,0.0,
ME-01,2,63.49,35.51,0.0,1.0,Other
ME-02,1,50.77,44.23,5.0,0.0,
ME-02,2,52.87,46.13,0.0,1.0,Other
