race_code,round,dem,rep,other,exhausted,eliminated
AK-GOV,1,42.77,49.23,8.0,0.0,
AK-GOV,2,46.13,52.27,0.0,1.6,Other
AK-SEN,1,44.67,47.33,8.0,0.0,
AK-SEN,2,48.03,50.37,0.0,1.6,Other
ME-SEN,1,46.83,48.17,5.0,0.0,
ME-SEN,2,48.93,50.07,0.0,1.0,Other
AK-01,1,43.33,48.67,8.0,0.0,
AK-01,2,46.69,51.71,0.0,1.6,Other
ME-01,1,60.26,34.74,5.0,0.0,
ME-01,2,62.36,36.64,0.0,1.0,Other
ME-02,1,48.84,46.16,5.0,0.0,
ME-02,2,50.94,48.06,0.0,1.0,Other
