race_code,round,dem,rep,other,exhausted,eliminated
AK-GOV,1,42.82,49.18,8.0,0.0,
AK-GOV,2,46.18,52.22,0.0,1.6,Other
AK-SEN,1,43.89,48.11,8.0,0.0,
AK-SEN,2,47.25,51.15,0.0,1.6,Other
ME-SEN,1,45.96,49.04,5.0,0.0,
ME-SEN,2,48.06,50.94,0.0,1.0,Other
AK-01,1,43.98,48.02,8.0,0.0,
AK-01,2,47.34,51.06,0.0,1.6,Other
ME-01,1,59.74,35.26,5.0,0.0,
ME-01,2,61.84,37.16,0.0,1.0,Other
ME-02,1,48.49,46.51,5.0,0.0,
ME-02,2,50.59,48.41,0.0,1.0,Other
