race_code,round,dem,rep,other,exhausted,eliminated
AK-GOV,1,41.4,50.6,8.0,0.0,
AK-GOV,2,44.76,53.64,0.0,1.6,Other
AK-SEN,1,43.8,48.2,8.0,0.0,
AK-SEN,2,47.16,51.24,0.0,1.6,Other
ME-SEN,1,46.56,48.44,5.0,0.0,
ME-SEN,2,48.66,50.34,0.0,1.0,Other
AK-01,1,45.3,46.7,8.0,0.0,
AK-01,2,48.66,49.74,0.0,1.6,Other
ME-01,1,60.87,34.13,5.0,0.0,
ME-01,2,62.97,36.03,0.0,1.0,Other
ME-02,1,50.25,44.75,5.0,0.0,
ME-02,2,52.35,46.65,0.0,1.0,Other
