race_code,round,dem,rep,other,exhausted,eliminated
AK-GOV,1,40.87,51.13,8.0,0.0,
AK-GOV,2,44.23,54.17,0.0,1.6,Other
AK-SEN,1,43.97,48.03,8.0,0.0,
AK-SEN,2,47.33,51.07,0.0,1.6,Other
ME-SEN,1,46.47,48.53,5.0,0.0,
ME-SEN,2,48.57,50.43,0.0,1.0,Other
AK-01,1,41.09,50.91,8.0,0.0,
AK-01,2,44.69,53.71,0.0,1.6,Other
ME-01,1,61.2,33.8,5.0,0.0,
ME-01,2,63.3,35.7,0.0,1.0,Other
ME-02,1,44.35,50.65,5.0,0.0,
ME-02,2,46.45,52.55,0.0,1.0,Other
