race_code,round,dem,rep,other,exhausted,eliminated
AK-GOV,1,43.62,48.38,8.0,0.0,
AK-GOV,2,46.98,51.42,0.0,1.6,Other
AK-SEN,1,44.59,47.41,8.0,0.0,
AK-SEN,2,47.95,50.45,0.0,1.6,Other
ME-SEN,1,46.77,48.23,5.0,0.0,
ME-SEN,2,48.87,50.13,0.0,1.0,Other
AK-01,1,43.44,48.56,8.0,0.0,
AK-01,2,46.8,51.6,0.0,1.6,Other
ME-01,1,60.17,34.83,5.0,0.0,
ME-01,2,62.27,36.73,0.0,1.0,Other
ME-02,1,48.77,46.23,5.0,0.0,
ME-02,2,50.87,48.13,0.0,1.0,Other
