race_code,round,dem,rep,other,exhausted,eliminated
AK-GOV,1,43.62,48.38,8.0,0.0,
AK-GOV,2,46.98,51.42,0.0,1.6,Other
AK-SEN,1,44.52,47.48,8.0,0.0,
AK-SEN,2,47.88,50.52,0.0,1.6,Other
ME-SEN,1,46.77,48.23,5.0,0.0,
ME-SEN,2,48.87,50.13,0.0,1.0,Other
AK-01,1,43.42,48.58,8.0,0.0,
AK-01,2,46.78,51.62,0.0,1.6,Other
ME-01,1,60.21,34.79,5.0,0.0,
ME-01,2,62.31,36.69,0.0,1.0,Other
ME-02,1,48.8,46.2,5.0,0.0,
ME-02,2,50.9,48.1,0.0,1.0,Other
