race_code,round,dem,rep,other,exhausted,eliminated
AK-GOV,1,41.15,50.85,8.0,0.0,
AK-GOV,2,44.51,53.89,0.0,1.6,Other
AK-SEN,1,44.56,47.44,8.0,0.0,
AK-SEN,2,47.92,50.48,0.0,1.6,Other
ME-SEN,1,47.59,47.41,5.0,0.0,
ME-SEN,2,49.69,49.31,0.0,1.0,Other
AK-01,1,41.56,50.44,8.0,0.0,
AK-01,2,45.16,53.24,0.0,1.6,Other
ME-01,1,61.69,33.31,5.0,0.0,
ME-01,2,63.79,35.21,0.0,1.0,Other
ME-02,1,44.97,50.03,5.0,0.0,
ME-02,2,47.07,51.93,0.0,1.0,Other
