race_code,round,dem,rep,other,exhausted,eliminated
AK-GOV,1,41.0,51.0,8.0,0.0,
AK-GOV,2,44.36,54.04,0.0,1.6,Other
AK-SEN,1,44.04,47.96,8.0,0.0,
AK-SEN,2,47.4,51.0,0.0,1.6,Other
ME-SEN,1,47.27,47.73,5.0,0.0,
ME-SEN,2,49.37,49.63,0.0,1.0,Other
AK-01,1,41.29,50.71,8.0,0.0,
AK-01,2,44.89,53.51,0.0,1.6,Other
ME-01,1,61.47,33.53,5.0,0.0,
ME-01,2,63.57,35.43,0.0,1.0,Other
ME-02,1,44.79,50.21,5.0,0.0,
ME-02,2,46.89,52.11,0.0,1.0,Other
