race_code,round,dem,rep,other,exhausted,eliminated
AK-GOV,1,43.52,48.48,8.0,0.0,
AK-GOV,2,46.88,51.52,0.0,1.6,Other
AK-SEN,1,44.26,47.74,8.0,0.0,
AK-SEN,2,47.62,50.78,0.0,1.6,Other
ME-SEN,1,46.41,48.59,5.0,0.0,
ME-SEN,2,48.51,50.49,0.0,1.0,Other
AK-01,1,44.52,47.48,8.0,0.0,
AK-01,2,47.88,50.52,0.0,1.6,Other
ME-01,1,60.02,34.98,5.0,0.0,
ME-01,2,62.12,36.88,0.0,1.0,Other
ME-02,1,48.65,46.35,5.0,0.0,
ME-02,2,50.75,48.25,0.0,1.0,Other
