race_code,round,dem,rep,other,exhausted,eliminated
AK-GOV,1,41.01,50.99,8.0,0.0,
AK-GOV,2,44.37,54.03,0.0,1.6,Other
AK-SEN,1,44.01,47.99,8.0,0.0,
AK-SEN,2,47.37,51.03,0.0,1.6,Other
ME-SEN,1,47.2,47.8,5.0,0.0,
ME-SEN,2,49.3,49.7,0.0,1.0,Other
AK-01,1,41.31,50.69,8.0,0.0,
AK-01,2,44.91,53.49,0.0,1.6,Other
ME-01,1,60.66,34.34,5.0,0.0,
ME-01,2,62.76,36.24,0.0,1.0,Other
ME-02,1,45.13,49.87,5.0,0.0,
ME-02,2,47.23,51.77,0.0,1.0,Other
