race_code,round,dem,rep,other,exhausted,eliminated
AK-GOV,1,42.1,49.9,8.0,0.0,
AK-GOV,2,45.46,52.94,0.0,1.6,Other
AK-SEN,1,44.73,47.27,8.0,0.0,
AK-SEN,2,48.09,50.31,0.0,1.6,Other
ME-SEN,1,47.47,47.53,5.0,0.0,
ME-SEN,2,49.57,49.43,0.0,1.0,Other
AK-01,1,46.29,45.71,8.0,0.0,
AK-01,2,49.65,48.75,0.0,1.6,Other
ME-01,1,61.97,33.03,5.0,0.0,
ME-01,2,64.07,34.93,0.0,1.0,Other
ME-02,1,51.35,43.65,5.0,0.0,
ME-02,2,53.45,45.55,0.0,1.0,Other
