race_code,round,dem,rep,other,exhausted,eliminated
AK-GOV,1,43.85,48.15,8.0,0.0,
AK-GOV,2,47.21,51.19,0.0,1.6,Other
AK-SEN,1,45.89,46.11,8.0,0.0,
AK-SEN,2,49.25,49.15,0.0,1.6,Other
ME-SEN,1,48.2,46.8,5.0,0.0,
ME-SEN,2,50.3,48.7,0.0,1.0,Other
AK-01,1,45.54,46.46,8.0,0.0,
AK-01,2,48.9,49.5,0.0,1.6,Other
ME-01,1,62.19,32.81,5.0,0.0,
ME-01,2,64.29,34.71,0.0,1.0,Other
ME-02,1,50.4,44.6,5.0,0.0,
ME-02,2,52.5,46.5,0.0,1.0,Other
