race_code,round,dem,rep,other,exhausted,eliminated
AK-GOV,1,43.08,48.92,8.0,0.0,
AK-GOV,2,46.44,51.96,0.0,1.6,Other
AK-SEN,1,45.0,47.0,8.0,0.0,
AK-SEN,2,48.36,50.04,0.0,1.6,Other
ME-SEN,1,47.37,47.63,5.0,0.0,
ME-SEN,2,49.47,49.53,0.0,1.0,Other
AK-01,1,44.5,47.5,8.0,0.0,
AK-01,2,47.86,50.54,0.0,1.6,Other
ME-01,1,60.92,34.08,5.0,0.0,
ME-01,2,63.02,35.98,0.0,1.0,Other
ME-02,1,49.4,45.6,5.0,0.0,
ME-02,2,51.5,47.5,0.0,1.0,Other
