race_code,round,dem,rep,other,exhausted,eliminated
AK-GOV,1,43.08,48.92,8.0,0.0,
AK-GOV,2,46.44,51.96,0.0,1.6,Other
AK-SEN,1,45.03,46.97,8.0,0.0,
AK-SEN,2,48.39,50.01,0.0,1.6,Other
ME-SEN,1,47.37,47.63,5.0,0.0,
ME-SEN,2,49.47,49.53,0.0,1.0,Other
AK-01,1,44.57,47.43,8.0,0.0,
AK-01,2,47.93,50.47,0.0,1.6,Other
ME-01,1,60.89,34.11,5.0,0.0,
ME-01,2,62.99,36.01,0.0,1.0,Other
ME-02,1,49.38,45.62,5.0,0.0,
ME-02,2,51.48,47.52,0.0,1.0,Other
