race_code,round,dem,rep,other,exhausted,eliminated
AK-GOV,1,41.9,50.1,8.0,0.0,
AK-GOV,2,45.26,53.14,0.0,1.6,Other
AK-SEN,1,45.49,46.51,8.0,0.0,
AK-SEN,2,48.85,49.55,0.0,1.6,Other
ME-SEN,1,48.23,46.77,5.0,0.0,
ME-SEN,2,50.33,48.67,0.0,1.0,Other
AK-01,1,42.4,49.6,8.0,0.0,
AK-01,2,46.0,52.4,0.0,1.6,Other
ME-01,1,62.67,32.33,5.0,0.0,
ME-01,2,64.77,34.23,0.0,1.0,Other
ME-02,1,44.9,50.1,5.0,0.0,
ME-02,2,47.0,52.0,0.0,1.0,Other
