race_code,round,dem,rep,other,exhausted,eliminated
AK-GOV,1,43.62,48.38,8.0,0.0,
AK-GOV,2,46.98,51.42,0.0,1.6,Other
AK-SEN,1,44.64,47.36,8.0,0.0,
AK-SEN,2,48.0,50.4,0.0,1.6,Other
ME-SEN,1,46.78,48.22,5.0,0.0,
ME-SEN,2,48.88,50.12,0.0,1.0,Other
AK-01,1,43.52,48.48,8.0,0.0,
AK-01,2,46.88,51.52,0.0,1.6,Other
ME-01,1,60.15,34.85,5.0,0.0,
ME-01,2,62.25,36.75,0.0,1.0,Other
ME-02,1,48.76,46.24,5.0,0.0,
ME-02,2,50.86,48.14,0.0,1.0,Other
