race_code,round,dem,rep,other,exhausted,eliminated
AK-GOV,1,41.19,50.81,8.0,0.0,
AK-GOV,2,44.55,53.85,0.0,1.6,Other
AK-SEN,1,44.51,47.49,8.0,0.0,
AK-SEN,2,47.87,50.53,0.0,1.6,Other
ME-SEN,1,47.6,47.4,5.0,0.0,
ME-SEN,2,49.7,49.3,0.0,1.0,Other
AK-01,1,41.52,50.48,8.0,0.0,
AK-01,2,45.12,53.28,0.0,1.6,Other
ME-01,1,60.89,34.11,5.0,0.0,
ME-01,2,62.99,36.01,0.0,1.0,Other
ME-02,1,45.32,49.68,5.0,0.0,
ME-02,2,47.42,51.58,0.0,1.0,Other
