race_code,round,dem,rep,other,exhausted,eliminated
AK-GOV,1,44.4,47.6,8.0,0.0,
AK-GOV,2,47.76,50.64,0.0,1.6,Other
AK-SEN,1,45.49,46.51,8.0,0.0,
AK-SEN,2,48.85,49.55,0.0,1.6,Other
ME-SEN,1,47.62,47.38,5.0,0.0,
ME-SEN,2,49.72,49.28,0.0,1.0,Other
AK-01,1,44.46,47.54,8.0,0.0,
AK-01,2,47.82,50.58,0.0,1.6,Other
ME-01,1,61.48,33.52,5.0,0.0,
ME-01,2,63.58,35.42,0.0,1.0,Other
ME-02,1,49.83,45.17,5.0,0.0,
ME-02,2,51.93,47.07,0.0,1.0,Other
