race_code,round,dem,rep,other,exhausted,eliminated
AK-GOV,1,43.62,48.38,8.0,0.0,
AK-GOV,2,46.98,51.42,0.0,1.6,Other
AK-SEN,1,44.59,47.41,8.0,0.0,
AK-SEN,2,47.95,50.45,0.0,1.6,Other
ME-SEN,1,46.78,48.22,5.0,0.0,
ME-SEN,2,48.88,50.12,0.0,1.0,Other
AK-01,1,43.43,48.57,8.0,0.0,
AK-01,2,46.79,51.61,0.0,1.6,Other
ME-01,1,60.22,34.78,5.0,0.0,
ME-01,2,62.32,36.68,0.0,1.0,Other
ME-02,1,48.81,46.19,5.0,0.0,
ME-02,2,50.91,48.09,0.0,1.0,Other
