race_code,round,dem,rep,other,exhausted,eliminated
AK-GOV,1,41.21,50.79,8.0,0.0,
AK-GOV,2,44.57,53.83,0.0,1.6,Other
AK-SEN,1,44.82,47.18,8.0,0.0,
AK-SEN,2,48.18,50.22,0.0,1.6,Other
ME-SEN,1,47.62,47.38,5.0,0.0,
ME-SEN,2,49.72,49.28,0.0,1.0,Other
AK-01,1,41.66,50.34,8.0,0.0,
AK-01,2,45.26,53.14,0.0,1.6,Other
ME-01,1,60.94,34.06,5.0,0.0,
ME-01,2,63.04,35.96,0.0,1.0,Other
ME-02,1,45.37,49.63,5.0,0.0,
ME-02,2,47.47,51.53,0.0,1.0,Other
