race_code,round,dem,rep,other,exhausted,eliminated
AK-GOV,1,41.7,50.3,8.0,0.0,
AK-GOV,2,45.06,53.34,0.0,1.6,Other
AK-SEN,1,44.19,47.81,8.0,0.0,
AK-SEN,2,47.55,50.85,0.0,1.6,Other
ME-SEN,1,46.94,48.06,5.0,0.0,
ME-SEN,2,49.04,49.96,0.0,1.0,Other
AK-01,1,45.68,46.32,8.0,0.0,
AK-01,2,49.04,49.36,0.0,1.6,Other
ME-01,1,61.36,33.64,5.0,0.0,
ME-01,2,63.46,35.54,0.0,1.0,Other
ME-02,1,50.74,44.26,5.0,0.0,
ME-02,2,52.84,46.16,0.0,1.0,Other
