race_code,round,dem,rep,other,exhausted,eliminated
AK-GOV,1,41.2,50.8,8.0,0.0,
AK-GOV,2,44.56,53.84,0.0,1.6,Other
AK-SEN,1,44.81,47.19,8.0,0.0,
AK-SEN,2,48.17,50.23,0.0,1.6,Other
ME-SEN,1,47.69,47.31,5.0,0.0,
ME-SEN,2,49.79,49.21,0.0,1.0,Other
AK-01,1,41.59,50.41,8.0,0.0,
AK-01,2,45.19,53.21,0.0,1.6,Other
ME-01,1,61.69,33.31,5.0,0.0,
ME-01,2,63.79,35.21,0.0,1.0,Other
ME-02,1,44.31,50.69,5.0,0.0,
ME-02,2,46.41,52.59,0.0,1.0,Other
