race_code,round,dem,rep,other,exhausted,eliminated
AK-GOV,1,42.76,49.24,8.0,0.0,
AK-GOV,2,46.12,52.28,0.0,1.6,Other
AK-SEN,1,44.69,47.31,8.0,0.0,
AK-SEN,2,48.05,50.35,0.0,1.6,Other
ME-SEN,1,46.81,48.19,5.0,0.0,
ME-SEN,2,48.91,50.09,0.0,1.0,Other
AK-01,1,43.38,48.62,8.0,0.0,
AK-01,2,46.74,51.66,0.0,1.6,Other
ME-01,1,60.28,34.72,5.0,0.0,
ME-01,2,62.38,36.62,0.0,1.0,Other
ME-02,1,48.85,46.15,5.0,0.0,
ME-02,2,50.95,48.05,0.0,1.0,Other
