race_code,round,dem,rep,other,exhausted,eliminated
AK-GOV,1,43.53,48.47,8.0,0.0,
AK-GOV,2,46.89,51.51,0.0,1.6,Other
AK-SEN,1,45.58,46.42,8.0,0.0,
AK-SEN,2,48.94,49.46,0.0,1.6,Other
ME-SEN,1,47.65,47.35,5.0,0.0,
ME-SEN,2,49.75,49.25,0.0,1.0,Other
AK-01,1,44.39,47.61,8.0,0.0,
AK-01,2,47.75,50.65,0.0,1.6,Other
ME-01,1,61.52,33.48,5.0,0.0,
ME-01,2,63.62,35.38,0.0,1.0,Other
ME-02,1,49.86,45.14,5.0,0.0,
ME-02,2,51.96,47.04,0.0,1.0,Other
