race_code,round,dem,rep,other,exhausted,eliminated
AK-GOV,1,41.2,50.8,8.0,0.0,
AK-GOV,2,44.56,53.84,0.0,1.6,Other
AK-SEN,1,44.8,47.2,8.0,0.0,
AK-SEN,2,48.16,50.24,0.0,1.6,Other
ME-SEN,1,47.69,47.31,5.0,0.0,
ME-SEN,2,49.79,49.21,0.0,1.0,Other
AK-01,1,41.58,50.42,8.0,0.0,
AK-01,2,45.18,53.22,0.0,1.6,Other
ME-01,1,61.79,33.21,5.0,0.0,
ME-01,2,63.89,35.11,0.0,1.0,Other
ME-02,1,45.06,49.94,5.0,0.0,
ME-02,2,47.16,51.84,0.0,1.0,Other
