race_code,round,dem,rep,other,exhausted,eliminated
AK-GOV,1,42.4,49.6,8.0,0.0,
AK-GOV,2,45.76,52.64,0.0,1.6,Other
AK-SEN,1,45.01,46.99,8.0,0.0,
AK-SEN,2,48.37,50.03,0.0,1.6,Other
ME-SEN,1,47.85,47.15,5.0,0.0,
ME-SEN,2,49.95,49.05,0.0,1.0,Other
AK-01,1,46.59,45.41,8.0,0.0,
AK-01,2,49.95,48.45,0.0,1.6,Other
ME-01,1,62.4,32.6,5.0,0.0,
ME-01,2,64.5,34.5,0.0,1.0,Other
ME-02,1,51.78,43.22,5.0,0.0,
ME-02,2,53.88,45.12,0.0,1.0,Other
