race_code,round,dem,rep,other,exhausted,eliminated
AK-GOV,1,44.08,47.92,8.0,0.0,
AK-GOV,2,47.44,50.96,0.0,1.6,Other
AK-SEN,1,46.23,45.77,8.0,0.0,
AK-SEN,2,49.59,48.81,0.0,1.6,Other
ME-SEN,1,48.42,46.58,5.0,0.0,
ME-SEN,2,50.52,48.48,0.0,1.0,Other
AK-01,1,45.93,46.07,8.0,0.0,
AK-01,2,49.29,49.11,0.0,1.6,Other
ME-01,1,62.57,32.43,5.0,0.0,
ME-01,2,64.67,34.33,0.0,1.0,Other
ME-02,1,50.69,44.31,5.0,0.0,
ME-02,2,52.79,46.21,0.0,1.0,Other
