race_code,round,dem,rep,other,exhausted,eliminated
AK-GOV,1,41.94,50.06,8.0,0.0,
AK-GOV,2,45.3,53.1,0.0,1.6,Other
AK-SEN,1,45.5,46.5,8.0,0.0,
AK-SEN,2,48.86,49.54,0.0,1.6,Other
ME-SEN,1,48.18,46.82,5.0,0.0,
ME-SEN,2,50.28,48.72,0.0,1.0,Other
AK-01,1,42.55,49.45,8.0,0.0,
AK-01,2,46.15,52.25,0.0,1.6,Other
ME-01,1,61.93,33.07,5.0,0.0,
ME-01,2,64.03,34.97,0.0,1.0,Other
ME-02,1,46.27,48.73,5.0,0.0,
ME-02,2,48.37,50.63,0.0,1.0,Other
