race_code,round,dem,rep,other,exhausted,eliminated
AK-GOV,1,43.49,48.51,8.0,0.0,
AK-GOV,2,46.85,51.55,0.0,1.6,Other
AK-SEN,1,44.22,47.78,8.0,0.0,
AK-SEN,2,47.58,50.82,0.0,1.6,Other
ME-SEN,1,46.44,48.56,5.0,0.0,
ME-SEN,2,48.54,50.46,0.0,1.0,Other
AK-01,1,44.47,47.53,8.0,0.0,
AK-01,2,47.83,50.57,0.0,1.6,Other
ME-01,1,59.97,35.03,5.0,0.0,
ME-01,2,62.07,36.93,0.0,1.0,Other
ME-02,1,48.61,46.39,5.0,0.0,
ME-02,2,50.71,48.29,0.0,1.0,Other
