race_code,round,dem,rep,other,exhausted,eliminated
AK-GOV,1,41.5,50.5,8.0,0.0,
AK-GOV,2,44.86,53.54,0.0,1.6,Other
AK-SEN,1,43.96,48.04,8.0,0.0,
AK-SEN,2,47.32,51.08,0.0,1.6,Other
ME-SEN,1,46.68,48.32,5.0,0.0,
ME-SEN,2,48.78,50.22,0.0,1.0,Other
AK-01,1,45.42,46.58,8.0,0.0,
AK-01,2,48.78,49.62,0.0,1.6,Other
ME-01,1,61.13,33.87,5.0,0.0,
ME-01,2,63.23,35.77,0.0,1.0,Other
ME-02,1,50.51,44.49,5.0,0.0,
ME-02,2,52.61,46.39,0.0,1.0,Other
