race_code,round,dem,rep,other,exhausted,eliminated
AK-GOV,1,40.96,51.04,8.0,0.0,
AK-GOV,2,44.32,54.08,0.0,1.6,Other
AK-SEN,1,43.96,48.04,8.0,0.0,
AK-SEN,2,47.32,51.08,0.0,1.6,Other
ME-SEN,1,47.19,47.81,5.0,0.0,
ME-SEN,2,49.29,49.71,0.0,1.0,Other
AK-01,1,41.25,50.75,8.0,0.0,
AK-01,2,44.85,53.55,0.0,1.6,Other
ME-01,1,60.56,34.44,5.0,0.0,
ME-01,2,62.66,36.34,0.0,1.0,Other
ME-02,1,45.04,49.96,5.0,0.0,
ME-02,2,47.14,51.86,0.0,1.0,Other
