race_code,round,dem,rep,other,exhausted,eliminated
AK-GOV,1,43.49,48.51,8.0,0.0,
AK-GOV,2,46.85,51.55,0.0,1.6,Other
AK-SEN,1,44.21,47.79,8.0,0.0,
AK-SEN,2,47.57,50.83,0.0,1.6,Other
ME-SEN,1,46.44,48.56,5.0,0.0,
ME-SEN,2,48.54,50.46,0.0,1.0,Other
AK-01,1,44.46,47.54,8.0,0.0,
AK-01,2,47.82,50.58,0.0,1.6,Other
ME-01,1,60.03,34.97,5.0,0.0,
ME-01,2,62.13,36.87,0.0,1.0,Other
ME-02,1,48.66,46.34,5.0,0.0,
ME-02,2,50.76,48.24,0.0,1.0,Other
