race_code,round,dem,rep,other,exhausted,eliminated
AK-GOV,1,44.27,47.73,8.0,0.0,
AK-GOV,2,47.63,50.77,0.0,1.6,Other
AK-SEN,1,45.11,46.89,8.0,0.0,
AK-SEN,2,48.47,49.93,0.0,1.6,Other
ME-SEN,1,47.31,47.69,5.0,0.0,
ME-SEN,2,49.41,49.59,0.0,1.0,Other
AK-01,1,45.55,46.45,8.0,0.0,
AK-01,2,48.91,49.49,0.0,1.6,Other
ME-01,1,61.23,33.77,5.0,0.0,
ME-01,2,63.33,35.67,0.0,1.0,Other
ME-02,1,49.63,45.37,5.0,0.0,
ME-02,2,51.73,47.27,0.0,1.0,Other
