race_code,round,dem,rep,other,exhausted,eliminated
AK-GOV,1,40.96,51.04,8.0,0.0,
AK-GOV,2,44.32,54.08,0.0,1.6,Other
AK-SEN,1,44.03,47.97,8.0,0.0,
AK-SEN,2,47.39,51.01,0.0,1.6,Other
ME-SEN,1,47.26,47.74,5.0,0.0,
ME-SEN,2,49.36,49.64,0.0,1.0,Other
AK-01,1,41.21,50.79,8.0,0.0,
AK-01,2,44.81,53.59,0.0,1.6,Other
ME-01,1,61.34,33.66,5.0,0.0,
ME-01,2,63.44,35.56,0.0,1.0,Other
ME-02,1,44.68,50.32,5.0,0.0,
ME-02,2,46.78,52.22,0.0,1.0,Other
