race_code,round,dem,rep,other,exhausted,eliminated
AK-GOV,1,43.77,48.23,8.0,0.0,
AK-GOV,2,47.13,51.27,0.0,1.6,Other
AK-SEN,1,45.87,46.13,8.0,0.0,
AK-SEN,2,49.23,49.17,0.0,1.6,Other
ME-SEN,1,47.94,47.06,5.0,0.0,
ME-SEN,2,50.04,48.96,0.0,1.0,Other
AK-01,1,44.79,47.21,8.0,0.0,
AK-01,2,48.15,50.25,0.0,1.6,Other
ME-01,1,61.96,33.04,5.0,0.0,
ME-01,2,64.06,34.94,0.0,1.0,Other
ME-02,1,49.82,45.18,5.0,0.0,
ME-02,2,51.92,47.08,0.0,1.0,Other
