race_code,round,dem,rep,other,exhausted,eliminated
AK-GOV,1,41.54,50.46,8.0,0.0,
AK-GOV,2,44.9,53.5,0.0,1.6,Other
AK-SEN,1,45.12,46.88,8.0,0.0,
AK-SEN,2,48.48,49.92,0.0,1.6,Other
ME-SEN,1,47.94,47.06,5.0,0.0,
ME-SEN,2,50.04,48.96,0.0,1.0,Other
AK-01,1,42.06,49.94,8.0,0.0,
AK-01,2,45.66,52.74,0.0,1.6,Other
ME-01,1,61.41,33.59,5.0,0.0,
ME-01,2,63.51,35.49,0.0,1.0,Other
ME-02,1,45.54,49.46,5.0,0.0,
ME-02,2,47.64,51.36,0.0,1.0,Other
