race_code,round,dem,rep,other,exhausted,eliminated
AK-GOV,1,43.0,49.0,8.0,0.0,
AK-GOV,2,46.36,52.04,0.0,1.6,Other
AK-SEN,1,44.96,47.04,8.0,0.0,
AK-SEN,2,48.32,50.08,0.0,1.6,Other
ME-SEN,1,47.1,47.9,5.0,0.0,
ME-SEN,2,49.2,49.8,0.0,1.0,Other
AK-01,1,43.67,48.33,8.0,0.0,
AK-01,2,47.03,51.37,0.0,1.6,Other
ME-01,1,60.65,34.35,5.0,0.0,
ME-01,2,62.75,36.25,0.0,1.0,Other
ME-02,1,48.78,46.22,5.0,0.0,
ME-02,2,50.88,48.12,0.0,1.0,Other
