race_code,round,dem,rep,other,exhausted,eliminated
AK-GOV,1,41.54,50.46,8.0,0.0,
AK-GOV,2,44.9,53.5,0.0,1.6,Other
AK-SEN,1,45.11,46.89,8.0,0.0,
AK-SEN,2,48.47,49.93,0.0,1.6,Other
ME-SEN,1,48.01,46.99,5.0,0.0,
ME-SEN,2,50.11,48.89,0.0,1.0,Other
AK-01,1,41.94,50.06,8.0,0.0,
AK-01,2,45.54,52.86,0.0,1.6,Other
ME-01,1,62.13,32.87,5.0,0.0,
ME-01,2,64.23,34.77,0.0,1.0,Other
ME-02,1,45.12,49.88,5.0,0.0,
ME-02,2,47.22,51.78,0.0,1.0,Other
