race_code,round,dem,rep,other,exhausted,eliminated
AK-GOV,1,43.46,48.54,8.0,0.0,
AK-GOV,2,46.82,51.58,0.0,1.6,Other
AK-SEN,1,44.2,47.8,8.0,0.0,
AK-SEN,2,47.56,50.84,0.0,1.6,Other
ME-SEN,1,46.4,48.6,5.0,0.0,
ME-SEN,2,48.5,50.5,0.0,1.0,Other
AK-01,1,44.47,47.53,8.0,0.0,
AK-01,2,47.83,50.57,0.0,1.6,Other
ME-01,1,59.95,35.05,5.0,0.0,
ME-01,2,62.05,36.95,0.0,1.0,Other
ME-02,1,48.7,46.3,5.0,0.0,
ME-02,2,50.8,48.2,0.0,1.0,Other
