race_code,round,dem,rep,other,exhausted,eliminated
AK-GOV,1,44.24,47.76,8.0,0.0,
AK-GOV,2,47.6,50.8,0.0,1.6,Other
AK-SEN,1,45.1,46.9,8.0,0.0,
AK-SEN,2,48.46,49.94,0.0,1.6,Other
ME-SEN,1,47.28,47.72,5.0,0.0,
ME-SEN,2,49.38,49.62,0.0,1.0,Other
AK-01,1,45.52,46.48,8.0,0.0,
AK-01,2,48.88,49.52,0.0,1.6,Other
ME-01,1,61.21,33.79,5.0,0.0,
ME-01,2,63.31,35.69,0.0,1.0,Other
ME-02,1,49.74,45.26,5.0,0.0,
ME-02,2,51.84,47.16,0.0,1.0,Other
