race_code,round,dem,rep,other,exhausted,eliminated
AK-GOV,1,40.93,51.07,8.0,0.0,
AK-GOV,2,44.29,54.11,0.0,1.6,Other
AK-SEN,1,43.93,48.07,8.0,0.0,
AK-SEN,2,47.29,51.11,0.0,1.6,Other
ME-SEN,1,47.16,47.84,5.0,0.0,
ME-SEN,2,49.26,49.74,0.0,1.0,Other
AK-01,1,41.2,50.8,8.0,0.0,
AK-01,2,44.8,53.6,0.0,1.6,Other
ME-01,1,60.49,34.51,5.0,0.0,
ME-01,2,62.59,36.41,0.0,1.0,Other
ME-02,1,44.99,50.01,5.0,0.0,
ME-02,2,47.09,51.91,0.0,1.0,Other
