race_code,round,dem,rep,other,exhausted,eliminated
AK-GOV,1,40.93,51.07,8.0,0.0,
AK-GOV,2,44.29,54.11,0.0,1.6,Other
AK-SEN,1,43.99,48.01,8.0,0.0,
AK-SEN,2,47.35,51.05,0.0,1.6,Other
ME-SEN,1,47.24,47.76,5.0,0.0,
ME-SEN,2,49.34,49.66,0.0,1.0,Other
AK-01,1,41.1,50.9,8.0,0.0,
AK-01,2,44.7,53.7,0.0,1.6,Other
ME-01,1,61.27,33.73,5.0,0.0,
ME-01,2,63.37,35.63,0.0,1.0,Other
ME-02,1,44.62,50.38,5.0,0.0,
ME-02,2,46.72,52.28,0.0,1.0,Other
