race_code,round,dem,rep,other,exhausted,eliminated
AK-GOV,1,41.46,50.54,8.0,0.0,
AK-GOV,2,44.82,53.58,0.0,1.6,Other
AK-SEN,1,43.85,48.15,8.0,0.0,
AK-SEN,2,47.21,51.19,0.0,1.6,Other
ME-SEN,1,46.64,48.36,5.0,0.0,
ME-SEN,2,48.74,50.26,0.0,1.0,Other
AK-01,1,45.25,46.75,8.0,0.0,
AK-01,2,48.61,49.79,0.0,1.6,Other
ME-01,1,60.99,34.01,5.0,0.0,
ME-01,2,63.09,35.91,0.0,1.0,Other
ME-02,1,50.37,44.63,5.0,0.0,
ME-02,2,52.47,46.53,0.0,1.0,Other
