race_code,round,dem,rep,other,exhausted,eliminated
AK-GOV,1,44.1,47.9,8.0,0.0,
AK-GOV,2,47.46,50.94,0.0,1.6,Other
AK-SEN,1,46.15,45.85,8.0,0.0,
AK-SEN,2,49.51,48.89,0.0,1.6,Other
ME-SEN,1,48.44,46.56,5.0,0.0,
ME-SEN,2,50.54,48.46,0.0,1.0,Other
AK-01,1,45.9,46.1,8.0,0.0,
AK-01,2,49.26,49.14,0.0,1.6,Other
ME-01,1,62.51,32.49,5.0,0.0,
ME-01,2,64.61,34.39,0.0,1.0,Other
ME-02,1,50.64,44.36,5.0,0.0,
ME-02,2,52.74,46.26,0.0,1.0,Other
