race_code,round,dem,rep,other,exhausted,eliminated
AK-GOV,1,42.42,49.58,8.0,0.0,
AK-GOV,2,45.78,52.62,0.0,1.6,Other
AK-SEN,1,45.15,46.85,8.0,0.0,
AK-SEN,2,48.51,49.89,0.0,1.6,Other
ME-SEN,1,47.88,47.12,5.0,0.0,
ME-SEN,2,49.98,49.02,0.0,1.0,Other
AK-01,1,46.74,45.26,8.0,0.0,
AK-01,2,50.1,48.3,0.0,1.6,Other
ME-01,1,62.41,32.59,5.0,0.0,
ME-01,2,64.51,34.49,0.0,1.0,Other
ME-02,1,51.79,43.21,5.0,0.0,
ME-02,2,53.89,45.11,0.0,1.0,Other
