race_code,round,dem,rep,other,exhausted,eliminated
AK-GOV,1,41.96,50.04,8.0,0.0,
AK-GOV,2,45.32,53.08,0.0,1.6,Other
AK-SEN,1,45.54,46.46,8.0,0.0,
AK-SEN,2,48.9,49.5,0.0,1.6,Other
ME-SEN,1,48.27,46.73,5.0,0.0,
ME-SEN,2,50.37,48.63,0.0,1.0,Other
AK-01,1,42.49,49.51,8.0,0.0,
AK-01,2,46.09,52.31,0.0,1.6,Other
ME-01,1,62.72,32.28,5.0,0.0,
ME-01,2,64.82,34.18,0.0,1.0,Other
ME-02,1,45.92,49.08,5.0,0.0,
ME-02,2,48.02,50.98,0.0,1.0,Other
