race_code,round,dem,rep,other,exhausted,eliminated
AK-GOV,1,43.33,48.67,8.0,0.0,
AK-GOV,2,46.69,51.71,0.0,1.6,Other
AK-SEN,1,45.34,46.66,8.0,0.0,
AK-SEN,2,48.7,49.7,0.0,1.6,Other
ME-SEN,1,47.62,47.38,5.0,0.0,
ME-SEN,2,49.72,49.28,0.0,1.0,Other
AK-01,1,44.91,47.09,8.0,0.0,
AK-01,2,48.27,50.13,0.0,1.6,Other
ME-01,1,61.39,33.61,5.0,0.0,
ME-01,2,63.49,35.51,0.0,1.0,Other
ME-02,1,49.76,45.24,5.0,0.0,
ME-02,2,51.86,47.14,0.0,1.0,Other
