race_code,round,dem,rep,other,exhausted,eliminated
AK-GOV,1,43.53,48.47,8.0,0.0,
AK-GOV,2,46.89,51.51,0.0,1.6,Other
AK-SEN,1,45.12,46.88,8.0,0.0,
AK-SEN,2,48.48,49.92,0.0,1.6,Other
ME-SEN,1,47.97,47.03,5.0,0.0,
ME-SEN,2,50.07,48.93,0.0,1.0,Other
AK-01,1,42.53,49.47,8.0,0.0,
AK-01,2,46.13,52.27,0.0,1.6,Other
ME-01,1,62.55,32.45,5.0,0.0,
ME-01,2,64.65,34.35,0.0,1.0,Other
ME-02,1,44.83,50.17,5.0,0.0,
ME-02,2,46.93,52.07,0.0,1.0,Other
