race_code,round,dem,rep,other,exhausted,eliminated
AK-GOV,1,42.77,49.23,8.0,0.0,
AK-GOV,2,46.13,52.27,0.0,1.6,Other
AK-SEN,1,44.72,47.28,8.0,0.0,
AK-SEN,2,48.08,50.32,0.0,1.6,Other
ME-SEN,1,46.82,48.18,5.0,0.0,
ME-SEN,2,48.92,50.08,0.0,1.0,Other
AK-01,1,43.41,48.59,8.0,0.0,
AK-01,2,46.77,51.63,0.0,1.6,Other
ME-01,1,60.27,34.73,5.0,0.0,
ME-01,2,62.37,36.63,0.0,1.0,Other
ME-02,1,48.85,46.15,5.0,0.0,
ME-02,2,50.95,48.05,0.0,1.0,Other
