race_code,round,dem,rep,other,exhausted,eliminated
AK-GOV,1,41.21,50.79,8.0,0.0,
AK-GOV,2,44.57,53.83,0.0,1.6,Other
AK-SEN,1,44.82,47.18,8.0,0.0,
AK-SEN,2,48.18,50.22,0.0,1.6,Other
ME-SEN,1,47.63,47.37,5.0,0.0,
ME-SEN,2,49.73,49.27,0.0,1.0,Other
AK-01,1,41.69,50.31,8.0,0.0,
AK-01,2,45.29,53.11,0.0,1.6,Other
ME-01,1,60.96,34.04,5.0,0.0,
ME-01,2,63.06,35.94,0.0,1.0,Other
ME-02,1,45.38,49.62,5.0,0.0,
ME-02,2,47.48,51.52,0.0,1.0,Other
