race_code,round,dem,rep,other,exhausted,eliminated
AK-GOV,1,41.71,50.29,8.0,0.0,
AK-GOV,2,45.07,53.33,0.0,1.6,Other
AK-SEN,1,44.24,47.76,8.0,0.0,
AK-SEN,2,47.6,50.8,0.0,1.6,Other
ME-SEN,1,46.96,48.04,5.0,0.0,
ME-SEN,2,49.06,49.94,0.0,1.0,Other
AK-01,1,45.74,46.26,8.0,0.0,
AK-01,2,49.1,49.3,0.0,1.6,Other
ME-01,1,61.4,33.6,5.0,0.0,
ME-01,2,63.5,35.5,0.0,1.0,Other
ME-02,1,50.78,44.22,5.0,0.0,
ME-02,2,52.88,46.12,0.0,1.0,Other
