race_code,round,dem,rep,other,exhausted,eliminated
AK-GOV,1,43.54,48.46,8.0,0.0,
AK-GOV,2,46.9,51.5,0.0,1.6,Other
AK-SEN,1,45.59,46.41,8.0,0.0,
AK-SEN,2,48.95,49.45,0.0,1.6,Other
ME-SEN,1,47.66,47.34,5.0,0.0,
ME-SEN,2,49.76,49.24,0.0,1.0,Other
AK-01,1,44.39,47.61,8.0,0.0,
AK-01,2,47.75,50.65,0.0,1.6,Other
ME-01,1,61.55,33.45,5.0,0.0,
ME-01,2,63.65,35.35,0.0,1.0,Other
ME-02,1,49.89,45.11,5.0,0.0,
ME-02,2,51.99,47.01,0.0,1.0,Other
