race_code,round,dem,rep,other,exhausted,eliminated
AK-GOV,1,42.77,49.23,8.0,0.0,
AK-GOV,2,46.13,52.27,0.0,1.6,Other
AK-SEN,1,44.71,47.29,8.0,0.0,
AK-SEN,2,48.07,50.33,0.0,1.6,Other
ME-SEN,1,46.82,48.18,5.0,0.0,
ME-SEN,2,48.92,50.08,0.0,1.0,Other
AK-01,1,43.4,48.6,8.0,0.0,
AK-01,2,46.76,51.64,0.0,1.6,Other
ME-01,1,60.31,34.69,5.0,0.0,
ME-01,2,62.41,36.59,0.0,1.0,Other
ME-02,1,48.88,46.12,5.0,0.0,
ME-02,2,50.98,48.02,0.0,1.0,Other
