race_code,round,dem,rep,other,exhausted,eliminated
AK-GOV,1,43.49,48.51,8.0,0.0,
AK-GOV,2,46.85,51.55,0.0,1.6,Other
AK-SEN,1,44.26,47.74,8.0,0.0,
AK-SEN,2,47.62,50.78,0.0,1.6,Other
ME-SEN,1,46.44,48.56,5.0,0.0,
ME-SEN,2,48.54,50.46,0.0,1.0,Other
AK-01,1,44.5,47.5,8.0,0.0,
AK-01,2,47.86,50.54,0.0,1.6,Other
ME-01,1,60.01,34.99,5.0,0.0,
ME-01,2,62.11,36.89,0.0,1.0,Other
ME-02,1,48.75,46.25,5.0,0.0,
ME-02,2,50.85,48.15,0.0,1.0,Other
