race_code,round,dem,rep,other,exhausted,eliminated
AK-GOV,1,44.27,47.73,8.0,0.0,
AK-GOV,2,47.63,50.77,0.0,1.6,Other
AK-SEN,1,45.16,46.84,8.0,0.0,
AK-SEN,2,48.52,49.88,0.0,1.6,Other
ME-SEN,1,47.32,47.68,5.0,0.0,
ME-SEN,2,49.42,49.58,0.0,1.0,Other
AK-01,1,45.59,46.41,8.0,0.0,
AK-01,2,48.95,49.45,0.0,1.6,Other
ME-01,1,61.17,33.83,5.0,0.0,
ME-01,2,63.27,35.73,0.0,1.0,Other
ME-02,1,49.7,45.3,5.0,0.0,
ME-02,2,51.8,47.2,0.0,1.0,Other
