race_code,round,dem,rep,other,exhausted,eliminated
AK-GOV,1,40.96,51.04,8.0,0.0,
AK-GOV,2,44.32,54.08,0.0,1.6,Other
AK-SEN,1,44.0,48.0,8.0,0.0,
AK-SEN,2,47.36,51.04,0.0,1.6,Other
ME-SEN,1,47.19,47.81,5.0,0.0,
ME-SEN,2,49.29,49.71,0.0,1.0,Other
AK-01,1,41.35,50.65,8.0,0.0,
AK-01,2,44.95,53.45,0.0,1.6,Other
ME-01,1,60.58,34.42,5.0,0.0,
ME-01,2,62.68,36.32,0.0,1.0,Other
ME-02,1,45.06,49.94,5.0,0.0,
ME-02,2,47.16,51.84,0.0,1.0,Other
