race_code,round,dem,rep,other,exhausted,eliminated
AK-GOV,1,41.5,50.5,8.0,0.0,
AK-GOV,2,44.86,53.54,0.0,1.6,Other
AK-SEN,1,43.92,48.08,8.0,0.0,
AK-SEN,2,47.28,51.12,0.0,1.6,Other
ME-SEN,1,46.69,48.31,5.0,0.0,
ME-SEN,2,48.79,50.21,0.0,1.0,Other
AK-01,1,45.37,46.63,8.0,0.0,
AK-01,2,48.73,49.67,0.0,1.6,Other
ME-01,1,61.04,33.96,5.0,0.0,
ME-01,2,63.14,35.86,0.0,1.0,Other
ME-02,1,50.42,44.58,5.0,0.0,
ME-02,2,52.52,46.48,0.0,1.0,Other
