race_code,round,dem,rep,other,exhausted,eliminated
AK-GOV,1,43.49,48.51,8.0,0.0,
AK-GOV,2,46.85,51.55,0.0,1.6,Other
AK-SEN,1,44.23,47.77,8.0,0.0,
AK-SEN,2,47.59,50.81,0.0,1.6,Other
ME-SEN,1,46.44,48.56,5.0,0.0,
ME-SEN,2,48.54,50.46,0.0,1.0,Other
AK-01,1,44.47,47.53,8.0,0.0,
AK-01,2,47.83,50.57,0.0,1.6,Other
ME-01,1,60.04,34.96,5.0,0.0,
ME-01,2,62.14,36.86,0.0,1.0,Other
ME-02,1,48.77,46.23,5.0,0.0,
ME-02,2,50.87,48.13,0.0,1.0,Other
