race_code,round,dem,rep,other,exhausted,eliminated
AK-GOV,1,42.82,49.18,8.0,0.0,
AK-GOV,2,46.18,52.22,0.0,1.6,Other
AK-SEN,1,43.97,48.03,8.0,0.0,
AK-SEN,2,47.33,51.07,0.0,1.6,Other
ME-SEN,1,45.96,49.04,5.0,0.0,
ME-SEN,2,48.06,50.94,0.0,1.0,Other
AK-01,1,44.05,47.95,8.0,0.0,
AK-01,2,47.41,50.99,0.0,1.6,Other
ME-01,1,59.76,35.24,5.0,0.0,
ME-01,2,61.86,37.14,0.0,1.0,Other
ME-02,1,48.51,46.49,5.0,0.0,
ME-02,2,50.61,48.39,0.0,1.0,Other
