race_code,round,dem,rep,other,exhausted,eliminated
AK-GOV,1,40.87,51.13,8.0,0.0,
AK-GOV,2,44.23,54.17,0.0,1.6,Other
AK-SEN,1,43.91,48.09,8.0,0.0,
AK-SEN,2,47.27,51.13,0.0,1.6,Other
ME-SEN,1,46.46,48.54,5.0,0.0,
ME-SEN,2,48.56,50.44,0.0,1.0,Other
AK-01,1,41.11,50.89,8.0,0.0,
AK-01,2,44.71,53.69,0.0,1.6,Other
ME-01,1,61.03,33.97,5.0,0.0,
ME-01,2,63.13,35.87,0.0,1.0,Other
ME-02,1,44.21,50.79,5.0,0.0,
ME-02,2,46.31,52.69,0.0,1.0,Other
