race_code,round,dem,rep,other,exhausted,eliminated
AK-GOV,1,40.87,51.13,8.0,0.0,
AK-GOV,2,44.23,54.17,0.0,1.6,Other
AK-SEN,1,43.84,48.16,8.0,0.0,
AK-SEN,2,47.2,51.2,0.0,1.6,Other
ME-SEN,1,46.38,48.62,5.0,0.0,
ME-SEN,2,48.48,50.52,0.0,1.0,Other
AK-01,1,41.16,50.84,8.0,0.0,
AK-01,2,44.76,53.64,0.0,1.6,Other
ME-01,1,60.35,34.65,5.0,0.0,
ME-01,2,62.45,36.55,0.0,1.0,Other
ME-02,1,44.66,50.34,5.0,0.0,
ME-02,2,46.76,52.24,0.0,1.0,Other
