race_code,round,dem,rep,other,exhausted,eliminated
AK-GOV,1,41.39,50.61,8.0,0.0,
AK-GOV,2,44.75,53.65,0.0,1.6,Other
AK-SEN,1,43.87,48.13,8.0,0.0,
AK-SEN,2,47.23,51.17,0.0,1.6,Other
ME-SEN,1,46.55,48.45,5.0,0.0,
ME-SEN,2,48.65,50.35,0.0,1.0,Other
AK-01,1,45.23,46.77,8.0,0.0,
AK-01,2,48.59,49.81,0.0,1.6,Other
ME-01,1,60.92,34.08,5.0,0.0,
ME-01,2,63.02,35.98,0.0,1.0,Other
ME-02,1,50.3,44.7,5.0,0.0,
ME-02,2,52.4,46.6,0.0,1.0,Other
