race_code,round,dem,rep,other,exhausted,eliminated
AK-GOV,1,43.55,48.45,8.0,0.0,
AK-GOV,2,46.91,51.49,0.0,1.6,Other
AK-SEN,1,45.66,46.34,8.0,0.0,
AK-SEN,2,49.02,49.38,0.0,1.6,Other
ME-SEN,1,47.68,47.32,5.0,0.0,
ME-SEN,2,49.78,49.22,0.0,1.0,Other
AK-01,1,44.48,47.52,8.0,0.0,
AK-01,2,47.84,50.56,0.0,1.6,Other
ME-01,1,61.62,33.38,5.0,0.0,
ME-01,2,63.72,35.28,0.0,1.0,Other
ME-02,1,49.56,45.44,5.0,0.0,
ME-02,2,51.66,47.34,0.0,1.0,Other
