race_code,round,dem,rep,other,exhausted,eliminated
AK-GOV,1,42.78,49.22,8.0,0.0,
AK-GOV,2,46.14,52.26,0.0,1.6,Other
AK-SEN,1,44.67,47.33,8.0,0.0,
AK-SEN,2,48.03,50.37,0.0,1.6,Other
ME-SEN,1,46.84,48.16,5.0,0.0,
ME-SEN,2,48.94,50.06,0.0,1.0,Other
AK-01,1,43.34,48.66,8.0,0.0,
AK-01,2,46.7,51.7,0.0,1.6,Other
ME-01,1,60.32,34.68,5.0,0.0,
ME-01,2,62.42,36.58,0.0,1.0,Other
ME-02,1,48.52,46.48,5.0,0.0,
ME-02,2,50.62,48.38,0.0,1.0,Other
