race_code,round,dem,rep,other,exhausted,eliminated
AK-GOV,1,41.23,50.77,8.0,0.0,
AK-GOV,2,44.59,53.81,0.0,1.6,Other
AK-SEN,1,44.9,47.1,8.0,0.0,
AK-SEN,2,48.26,50.14,0.0,1.6,Other
ME-SEN,1,47.72,47.28,5.0,0.0,
ME-SEN,2,49.82,49.18,0.0,1.0,Other
AK-01,1,41.7,50.3,8.0,0.0,
AK-01,2,45.3,53.1,0.0,1.6,Other
ME-01,1,61.79,33.21,5.0,0.0,
ME-01,2,63.89,35.11,0.0,1.0,Other
ME-02,1,44.83,50.17,5.0,0.0,
ME-02,2,46.93,52.07,0.0,1.0,Other
