race_code,round,dem,rep,other,exhausted,eliminated
AK-GOV,1,41.73,50.27,8.0,0.0,
AK-GOV,2,45.09,53.31,0.0,1.6,Other
AK-SEN,1,44.23,47.77,8.0,0.0,
AK-SEN,2,47.59,50.81,0.0,1.6,Other
ME-SEN,1,46.99,48.01,5.0,0.0,
ME-SEN,2,49.09,49.91,0.0,1.0,Other
AK-01,1,45.78,46.22,8.0,0.0,
AK-01,2,49.14,49.26,0.0,1.6,Other
ME-01,1,61.42,33.58,5.0,0.0,
ME-01,2,63.52,35.48,0.0,1.0,Other
ME-02,1,50.8,44.2,5.0,0.0,
ME-02,2,52.9,46.1,0.0,1.0,Other
