race_code,round,dem,rep,other,exhausted,eliminated
AK-GOV,1,42.78,49.22,8.0,0.0,
AK-GOV,2,46.14,52.26,0.0,1.6,Other
AK-SEN,1,44.71,47.29,8.0,0.0,
AK-SEN,2,48.07,50.33,0.0,1.6,Other
ME-SEN,1,46.84,48.16,5.0,0.0,
ME-SEN,2,48.94,50.06,0.0,1.0,Other
AK-01,1,43.39,48.61,8.0,0.0,
AK-01,2,46.75,51.65,0.0,1.6,Other
ME-01,1,60.29,34.71,5.0,0.0,
ME-01,2,62.39,36.61,0.0,1.0,Other
ME-02,1,48.49,46.51,5.0,0.0,
ME-02,2,50.59,48.41,0.0,1.0,Other
