race_code,round,dem,rep,other,exhausted,eliminated
AK-GOV,1,41.59,50.41,8.0,0.0,
AK-GOV,2,44.95,53.45,0.0,1.6,Other
AK-SEN,1,45.2,46.8,8.0,0.0,
AK-SEN,2,48.56,49.84,0.0,1.6,Other
ME-SEN,1,48.06,46.94,5.0,0.0,
ME-SEN,2,50.16,48.84,0.0,1.0,Other
AK-01,1,42.08,49.92,8.0,0.0,
AK-01,2,45.68,52.72,0.0,1.6,Other
ME-01,1,62.32,32.68,5.0,0.0,
ME-01,2,64.42,34.58,0.0,1.0,Other
ME-02,1,45.28,49.72,5.0,0.0,
ME-02,2,47.38,51.62,0.0,1.0,Other
