race_code,round,dem,rep,other,exhausted,eliminated
AK-GOV,1,42.06,49.94,8.0,0.0,
AK-GOV,2,45.42,52.98,0.0,1.6,Other
AK-SEN,1,44.68,47.32,8.0,0.0,
AK-SEN,2,48.04,50.36,0.0,1.6,Other
ME-SEN,1,47.41,47.59,5.0,0.0,
ME-SEN,2,49.51,49.49,0.0,1.0,Other
AK-01,1,46.2,45.8,8.0,0.0,
AK-01,2,49.56,48.84,0.0,1.6,Other
ME-01,1,61.92,33.08,5.0,0.0,
ME-01,2,64.02,34.98,0.0,1.0,Other
ME-02,1,51.3,43.7,5.0,0.0,
ME-02,2,53.4,45.6,0.0,1.0,Other
