race_code,round,dem,rep,other,exhausted,eliminated
AK-GOV,1,43.05,48.95,8.0,0.0,
AK-GOV,2,46.41,51.99,0.0,1.6,Other
AK-SEN,1,44.99,47.01,8.0,0.0,
AK-SEN,2,48.35,50.05,0.0,1.6,Other
ME-SEN,1,47.15,47.85,5.0,0.0,
ME-SEN,2,49.25,49.75,0.0,1.0,Other
AK-01,1,43.8,48.2,8.0,0.0,
AK-01,2,47.16,51.24,0.0,1.6,Other
ME-01,1,60.84,34.16,5.0,0.0,
ME-01,2,62.94,36.06,0.0,1.0,Other
ME-02,1,48.92,46.08,5.0,0.0,
ME-02,2,51.02,47.98,0.0,1.0,Other
