race_code,round,dem,rep,other,exhausted,eliminated
AK-GOV,1,41.59,50.41,8.0,0.0,
AK-GOV,2,44.95,53.45,0.0,1.6,Other
AK-SEN,1,45.12,46.88,8.0,0.0,
AK-SEN,2,48.48,49.92,0.0,1.6,Other
ME-SEN,1,47.98,47.02,5.0,0.0,
ME-SEN,2,50.08,48.92,0.0,1.0,Other
AK-01,1,42.06,49.94,8.0,0.0,
AK-01,2,45.66,52.74,0.0,1.6,Other
ME-01,1,61.48,33.52,5.0,0.0,
ME-01,2,63.58,35.42,0.0,1.0,Other
ME-02,1,45.6,49.4,5.0,0.0,
ME-02,2,47.7,51.3,0.0,1.0,Other
