race_code,round,dem,rep,other,exhausted,eliminated
AK-GOV,1,43.05,48.95,8.0,0.0,
AK-GOV,2,46.41,51.99,0.0,1.6,Other
AK-SEN,1,44.98,47.02,8.0,0.0,
AK-SEN,2,48.34,50.06,0.0,1.6,Other
ME-SEN,1,47.15,47.85,5.0,0.0,
ME-SEN,2,49.25,49.75,0.0,1.0,Other
AK-01,1,43.79,48.21,8.0,0.0,
AK-01,2,47.15,51.25,0.0,1.6,Other
ME-01,1,60.8,34.2,5.0,0.0,
ME-01,2,62.9,36.1,0.0,1.0,Other
ME-02,1,48.89,46.11,5.0,0.0,
ME-02,2,50.99,48.01,0.0,1.0,Other
