race_code,round,dem,rep,other,exhausted,eliminated
AK-GOV,1,40.89,51.11,8.0,0.0,
AK-GOV,2,44.25,54.15,0.0,1.6,Other
AK-SEN,1,43.98,48.02,8.0,0.0,
AK-SEN,2,47.34,51.06,0.0,1.6,Other
ME-SEN,1,46.53,48.47,5.0,0.0,
ME-SEN,2,48.63,50.37,0.0,1.0,Other
AK-01,1,41.13,50.87,8.0,0.0,
AK-01,2,44.73,53.67,0.0,1.6,Other
ME-01,1,61.08,33.92,5.0,0.0,
ME-01,2,63.18,35.82,0.0,1.0,Other
ME-02,1,44.25,50.75,5.0,0.0,
ME-02,2,46.35,52.65,0.0,1.0,Other
