race_code,round,dem,rep,other,exhausted,eliminated
AK-GOV,1,41.43,50.57,8.0,0.0,
AK-GOV,2,44.79,53.61,0.0,1.6,Other
AK-SEN,1,43.81,48.19,8.0,0.0,
AK-SEN,2,47.17,51.23,0.0,1.6,Other
ME-SEN,1,46.6,48.4,5.0,0.0,
ME-SEN,2,48.7,50.3,0.0,1.0,Other
AK-01,1,45.26,46.74,8.0,0.0,
AK-01,2,48.62,49.78,0.0,1.6,Other
ME-01,1,60.95,34.05,5.0,0.0,
ME-01,2,63.05,35.95,0.0,1.0,Other
ME-02,1,50.33,44.67,5.0,0.0,
ME-02,2,52.43,46.57,0.0,1.0,Other
