race_code,round,dem,rep,other,exhausted,eliminated
AK-GOV,1,40.94,51.06,8.0,0.0,
AK-GOV,2,44.3,54.1,0.0,1.6,Other
AK-SEN,1,43.97,48.03,8.0,0.0,
AK-SEN,2,47.33,51.07,0.0,1.6,Other
ME-SEN,1,47.17,47.83,5.0,0.0,
ME-SEN,2,49.27,49.73,0.0,1.0,Other
AK-01,1,41.2,50.8,8.0,0.0,
AK-01,2,44.8,53.6,0.0,1.6,Other
ME-01,1,60.52,34.48,5.0,0.0,
ME-01,2,62.62,36.38,0.0,1.0,Other
ME-02,1,45.01,49.99,5.0,0.0,
ME-02,2,47.11,51.89,0.0,1.0,Other
