race_code,round,dem,rep,other,exhausted,eliminated
AK-GOV,1,44.25,47.75,8.0,0.0,
AK-GOV,2,47.61,50.79,0.0,1.6,Other
AK-SEN,1,45.01,46.99,8.0,0.0,
AK-SEN,2,48.37,50.03,0.0,1.6,Other
ME-SEN,1,47.29,47.71,5.0,0.0,
ME-SEN,2,49.39,49.61,0.0,1.0,Other
AK-01,1,45.35,46.65,8.0,0.0,
AK-01,2,48.71,49.69,0.0,1.6,Other
ME-01,1,61.15,33.85,5.0,0.0,
ME-01,2,63.25,35.75,0.0,1.0,Other
ME-02,1,49.69,45.31,5.0,0.0,
ME-02,2,51.79,47.21,0.0,1.0,Other
