race_code,round,dem,rep,other,exhausted,eliminated
AK-GOV,1,43.46,48.54,8.0,0.0,
AK-GOV,2,46.82,51.58,0.0,1.6,Other
AK-SEN,1,44.18,47.82,8.0,0.0,
AK-SEN,2,47.54,50.86,0.0,1.6,Other
ME-SEN,1,46.41,48.59,5.0,0.0,
ME-SEN,2,48.51,50.49,0.0,1.0,Other
AK-01,1,44.42,47.58,8.0,0.0,
AK-01,2,47.78,50.62,0.0,1.6,Other
ME-01,1,59.94,35.06,5.0,0.0,
ME-01,2,62.04,36.96,0.0,1.0,Other
ME-02,1,48.69,46.31,5.0,0.0,
ME-02,2,50.79,48.21,0.0,1.0,Other
