race_code,round,dem,rep,other,exhausted,eliminated
AK-GOV,1,41.47,50.53,8.0,0.0,
AK-GOV,2,44.83,53.57,0.0,1.6,Other
AK-SEN,1,43.86,48.14,8.0,0.0,
AK-SEN,2,47.22,51.18,0.0,1.6,Other
ME-SEN,1,46.65,48.35,5.0,0.0,
ME-SEN,2,48.75,50.25,0.0,1.0,Other
AK-01,1,45.27,46.73,8.0,0.0,
AK-01,2,48.63,49.77,0.0,1.6,Other
ME-01,1,61.08,33.92,5.0,0.0,
ME-01,2,63.18,35.82,0.0,1.0,Other
ME-02,1,50.46,44.54,5.0,0.0,
ME-02,2,52.56,46.44,0.0,1.0,Other
