race_code,round,dem,rep,other,exhausted,eliminated
AK-GOV,1,41.15,50.85,8.0,0.0,
AK-GOV,2,44.51,53.89,0.0,1.6,Other
AK-SEN,1,44.56,47.44,8.0,0.0,
AK-SEN,2,47.92,50.48,0.0,1.6,Other
ME-SEN,1,47.64,47.36,5.0,0.0,
ME-SEN,2,49.74,49.26,0.0,1.0,Other
AK-01,1,41.5,50.5,8.0,0.0,
AK-01,2,45.1,53.3,0.0,1.6,Other
ME-01,1,61.67,33.33,5.0,0.0,
ME-01,2,63.77,35.23,0.0,1.0,Other
ME-02,1,44.95,50.05,5.0,0.0,
ME-02,2,47.05,51.95,0.0,1.0,Other
