race_code,round,dem,rep,other,exhausted,eliminated
AK-GOV,1,43.59,48.41,8.0,0.0,
AK-GOV,2,46.95,51.45,0.0,1.6,Other
AK-SEN,1,44.55,47.45,8.0,0.0,
AK-SEN,2,47.91,50.49,0.0,1.6,Other
ME-SEN,1,46.75,48.25,5.0,0.0,
ME-SEN,2,48.85,50.15,0.0,1.0,Other
AK-01,1,43.37,48.63,8.0,0.0,
AK-01,2,46.73,51.67,0.0,1.6,Other
ME-01,1,60.1,34.9,5.0,0.0,
ME-01,2,62.2,36.8,0.0,1.0,Other
ME-02,1,48.72,46.28,5.0,0.0,
ME-02,2,50.82,48.18,0.0,1.0,Other
