race_code,round,dem,rep,other,exhausted,eliminated
AK-GOV,1,43.59,48.41,8.0,0.0,
AK-GOV,2,46.95,51.45,0.0,1.6,Other
AK-SEN,1,44.59,47.41,8.0,0.0,
AK-SEN,2,47.95,50.45,0.0,1.6,Other
ME-SEN,1,46.75,48.25,5.0,0.0,
ME-SEN,2,48.85,50.15,0.0,1.0,Other
AK-01,1,43.41,48.59,8.0,0.0,
AK-01,2,46.77,51.63,0.0,1.6,Other
ME-01,1,60.12,34.88,5.0,0.0,
ME-01,2,62.22,36.78,0.0,1.0,Other
ME-02,1,48.73,46.27,5.0,0.0,
ME-02,2,50.83,48.17,0.0,1.0,Other
