race_code,round,dem,rep,other,exhausted,eliminated
AK-GOV,1,41.15,50.85,8.0,0.0,
AK-GOV,2,44.51,53.89,0.0,1.6,Other
AK-SEN,1,44.49,47.51,8.0,0.0,
AK-SEN,2,47.85,50.55,0.0,1.6,Other
ME-SEN,1,47.57,47.43,5.0,0.0,
ME-SEN,2,49.67,49.33,0.0,1.0,Other
AK-01,1,41.48,50.52,8.0,0.0,
AK-01,2,45.08,53.32,0.0,1.6,Other
ME-01,1,60.91,34.09,5.0,0.0,
ME-01,2,63.01,35.99,0.0,1.0,Other
ME-02,1,45.34,49.66,5.0,0.0,
ME-02,2,47.44,51.56,0.0,1.0,Other
