race_code,round,dem,rep,other,exhausted,eliminated
AK-GOV,1,41.62,50.38,8.0,0.0,
AK-GOV,2,44.98,53.42,0.0,1.6,Other
AK-SEN,1,44.11,47.89,8.0,0.0,
AK-SEN,2,47.47,50.93,0.0,1.6,Other
ME-SEN,1,46.85,48.15,5.0,0.0,
ME-SEN,2,48.95,50.05,0.0,1.0,Other
AK-01,1,45.51,46.49,8.0,0.0,
AK-01,2,48.87,49.53,0.0,1.6,Other
ME-01,1,61.24,33.76,5.0,0.0,
ME-01,2,63.34,35.66,0.0,1.0,Other
ME-02,1,50.62,44.38,5.0,0.0,
ME-02,2,52.72,46.28,0.0,1.0,Other
