race_code,round,dem,rep,other,exhausted,eliminated
AK-GOV,1,44.11,47.89,8.0,0.0,
AK-GOV,2,47.47,50.93,0.0,1.6,Other
AK-SEN,1,46.21,45.79,8.0,0.0,
AK-SEN,2,49.57,48.83,0.0,1.6,Other
ME-SEN,1,48.47,46.53,5.0,0.0,
ME-SEN,2,50.57,48.43,0.0,1.0,Other
AK-01,1,45.9,46.1,8.0,0.0,
AK-01,2,49.26,49.14,0.0,1.6,Other
ME-01,1,62.62,32.38,5.0,0.0,
ME-01,2,64.72,34.28,0.0,1.0,Other
ME-02,1,50.73,44.27,5.0,0.0,
ME-02,2,52.83,46.17,0.0,1.0,Other
