race_code,round,dem,rep,other,exhausted,eliminated
AK-GOV,1,41.94,50.06,8.0,0.0,
AK-GOV,2,45.3,53.1,0.0,1.6,Other
AK-SEN,1,45.51,46.49,8.0,0.0,
AK-SEN,2,48.87,49.53,0.0,1.6,Other
ME-SEN,1,48.26,46.74,5.0,0.0,
ME-SEN,2,50.36,48.64,0.0,1.0,Other
AK-01,1,42.41,49.59,8.0,0.0,
AK-01,2,46.01,52.39,0.0,1.6,Other
ME-01,1,62.82,32.18,5.0,0.0,
ME-01,2,64.92,34.08,0.0,1.0,Other
ME-02,1,46.0,49.0,5.0,0.0,
ME-02,2,48.1,50.9,0.0,1.0,Other
