race_code,round,dem,rep,other,exhausted,eliminated
AK-GOV,1,40.87,51.13,8.0,0.0,
AK-GOV,2,44.23,54.17,0.0,1.6,Other
AK-SEN,1,43.81,48.19,8.0,0.0,
AK-SEN,2,47.17,51.23,0.0,1.6,Other
ME-SEN,1,46.39,48.61,5.0,0.0,
ME-SEN,2,48.49,50.51,0.0,1.0,Other
AK-01,1,41.12,50.88,8.0,0.0,
AK-01,2,44.72,53.68,0.0,1.6,Other
ME-01,1,60.34,34.66,5.0,0.0,
ME-01,2,62.44,36.56,0.0,1.0,Other
ME-02,1,44.66,50.34,5.0,0.0,
ME-02,2,46.76,52.24,0.0,1.0,Other
