race_code,round,dem,rep,other,exhausted,eliminated
AK-GOV,1,43.62,48.38,8.0,0.0,
AK-GOV,2,46.98,51.42,0.0,1.6,Other
AK-SEN,1,44.89,47.11,8.0,0.0,
AK-SEN,2,48.25,50.15,0.0,1.6,Other
ME-SEN,1,46.85,48.15,5.0,0.0,
ME-SEN,2,48.95,50.05,0.0,1.0,Other
AK-01,1,45.13,46.87,8.0,0.0,
AK-01,2,48.49,49.91,0.0,1.6,Other
ME-01,1,61.02,33.98,5.0,0.0,
ME-01,2,63.12,35.88,0.0,1.0,Other
ME-02,1,49.56,45.44,5.0,0.0,
ME-02,2,51.66,47.34,0.0,1.0,Other
