race_code,round,dem,rep,other,exhausted,eliminated
AK-GOV,1,40.87,51.13,8.0,0.0,
AK-GOV,2,44.23,54.17,0.0,1.6,Other
AK-SEN,1,43.94,48.06,8.0,0.0,
AK-SEN,2,47.3,51.1,0.0,1.6,Other
ME-SEN,1,46.46,48.54,5.0,0.0,
ME-SEN,2,48.56,50.44,0.0,1.0,Other
AK-01,1,41.16,50.84,8.0,0.0,
AK-01,2,44.76,53.64,0.0,1.6,Other
ME-01,1,61.13,33.87,5.0,0.0,
ME-01,2,63.23,35.77,0.0,1.0,Other
ME-02,1,44.29,50.71,5.0,0.0,
ME-02,2,46.39,52.61,0.0,1.0,Other
