race_code,round,dem,rep,other,exhausted,eliminated
AK-GOV,1,42.8,49.2,8.0,0.0,
AK-GOV,2,46.16,52.24,0.0,1.6,Other
AK-SEN,1,43.92,48.08,8.0,0.0,
AK-SEN,2,47.28,51.12,0.0,1.6,Other
ME-SEN,1,45.94,49.06,5.0,0.0,
ME-SEN,2,48.04,50.96,0.0,1.0,Other
AK-01,1,44.07,47.93,8.0,0.0,
AK-01,2,47.43,50.97,0.0,1.6,Other
ME-01,1,59.64,35.36,5.0,0.0,
ME-01,2,61.74,37.26,0.0,1.0,Other
ME-02,1,48.41,46.59,5.0,0.0,
ME-02,2,50.51,48.49,0.0,1.0,Other
