race_code,round,dem,rep,other,exhausted,eliminated
AK-GOV,1,41.38,50.62,8.0,0.0,
AK-GOV,2,44.74,53.66,0.0,1.6,Other
AK-SEN,1,43.77,48.23,8.0,0.0,
AK-SEN,2,47.13,51.27,0.0,1.6,Other
ME-SEN,1,46.53,48.47,5.0,0.0,
ME-SEN,2,48.63,50.37,0.0,1.0,Other
AK-01,1,45.21,46.79,8.0,0.0,
AK-01,2,48.57,49.83,0.0,1.6,Other
ME-01,1,60.79,34.21,5.0,0.0,
ME-01,2,62.89,36.11,0.0,1.0,Other
ME-02,1,50.17,44.83,5.0,0.0,
ME-02,2,52.27,46.73,0.0,1.0,Other
