race_code,round,dem,rep,other,exhausted,eliminated
AK-GOV,1,43.61,48.39,8.0,0.0,
AK-GOV,2,46.97,51.43,0.0,1.6,Other
AK-SEN,1,44.8,47.2,8.0,0.0,
AK-SEN,2,48.16,50.24,0.0,1.6,Other
ME-SEN,1,46.84,48.16,5.0,0.0,
ME-SEN,2,48.94,50.06,0.0,1.0,Other
AK-01,1,45.05,46.95,8.0,0.0,
AK-01,2,48.41,49.99,0.0,1.6,Other
ME-01,1,60.94,34.06,5.0,0.0,
ME-01,2,63.04,35.96,0.0,1.0,Other
ME-02,1,49.5,45.5,5.0,0.0,
ME-02,2,51.6,47.4,0.0,1.0,Other
