race_code,round,dem,rep,other,exhausted,eliminated
AK-GOV,1,40.85,51.15,8.0,0.0,
AK-GOV,2,44.21,54.19,0.0,1.6,Other
AK-SEN,1,43.88,48.12,8.0,0.0,
AK-SEN,2,47.24,51.16,0.0,1.6,Other
ME-SEN,1,46.37,48.63,5.0,0.0,
ME-SEN,2,48.47,50.53,0.0,1.0,Other
AK-01,1,41.22,50.78,8.0,0.0,
AK-01,2,44.82,53.58,0.0,1.6,Other
ME-01,1,60.29,34.71,5.0,0.0,
ME-01,2,62.39,36.61,0.0,1.0,Other
ME-02,1,44.61,50.39,5.0,0.0,
ME-02,2,46.71,52.29,0.0,1.0,Other
