race_code,round,dem,rep,other,exhausted,eliminated
AK-GOV,1,40.85,51.15,8.0,0.0,
AK-GOV,2,44.21,54.19,0.0,1.6,Other
AK-SEN,1,43.88,48.12,8.0,0.0,
AK-SEN,2,47.24,51.16,0.0,1.6,Other
ME-SEN,1,46.45,48.55,5.0,0.0,
ME-SEN,2,48.55,50.45,0.0,1.0,Other
AK-01,1,41.13,50.87,8.0,0.0,
AK-01,2,44.73,53.67,0.0,1.6,Other
ME-01,1,61.07,33.93,5.0,0.0,
ME-01,2,63.17,35.83,0.0,1.0,Other
ME-02,1,44.24,50.76,5.0,0.0,
ME-02,2,46.34,52.66,0.0,1.0,Other
