race_code,round,dem,rep,other,exhausted,eliminated
AK-GOV,1,42.8,49.2,8.0,0.0,
AK-GOV,2,46.16,52.24,0.0,1.6,Other
AK-SEN,1,43.88,48.12,8.0,0.0,
AK-SEN,2,47.24,51.16,0.0,1.6,Other
ME-SEN,1,45.94,49.06,5.0,0.0,
ME-SEN,2,48.04,50.96,0.0,1.0,Other
AK-01,1,43.94,48.06,8.0,0.0,
AK-01,2,47.3,51.1,0.0,1.6,Other
ME-01,1,59.74,35.26,5.0,0.0,
ME-01,2,61.84,37.16,0.0,1.0,Other
ME-02,1,48.49,46.51,5.0,0.0,
ME-02,2,50.59,48.41,0.0,1.0,Other
