race_code,round,dem,rep,other,exhausted,eliminated
AK-GOV,1,41.78,50.22,8.0,0.0,
AK-GOV,2,45.14,53.26,0.0,1.6,Other
AK-SEN,1,45.35,46.65,8.0,0.0,
AK-SEN,2,48.71,49.69,0.0,1.6,Other
ME-SEN,1,47.84,47.16,5.0,0.0,
ME-SEN,2,49.94,49.06,0.0,1.0,Other
AK-01,1,42.22,49.78,8.0,0.0,
AK-01,2,45.82,52.58,0.0,1.6,Other
ME-01,1,62.43,32.57,5.0,0.0,
ME-01,2,64.53,34.47,0.0,1.0,Other
ME-02,1,44.73,50.27,5.0,0.0,
ME-02,2,46.83,52.17,0.0,1.0,Other
