race_code,round,dem,rep,other,exhausted,eliminated
AK-GOV,1,43.5,48.5,8.0,0.0,
AK-GOV,2,46.86,51.54,0.0,1.6,Other
AK-SEN,1,44.21,47.79,8.0,0.0,
AK-SEN,2,47.57,50.83,0.0,1.6,Other
ME-SEN,1,46.45,48.55,5.0,0.0,
ME-SEN,2,48.55,50.45,0.0,1.0,Other
AK-01,1,44.48,47.52,8.0,0.0,
AK-01,2,47.84,50.56,0.0,1.6,Other
ME-01,1,59.96,35.04,5.0,0.0,
ME-01,2,62.06,36.94,0.0,1.0,Other
ME-02,1,48.71,46.29,5.0,0.0,
ME-02,2,50.81,48.19,0.0,1.0,Other
