race_code,round,dem,rep,other,exhausted,eliminated
AK-GOV,1,41.51,50.49,8.0,0.0,
AK-GOV,2,44.87,53.53,0.0,1.6,Other
AK-SEN,1,43.86,48.14,8.0,0.0,
AK-SEN,2,47.22,51.18,0.0,1.6,Other
ME-SEN,1,46.7,48.3,5.0,0.0,
ME-SEN,2,48.8,50.2,0.0,1.0,Other
AK-01,1,45.33,46.67,8.0,0.0,
AK-01,2,48.69,49.71,0.0,1.6,Other
ME-01,1,61.0,34.0,5.0,0.0,
ME-01,2,63.1,35.9,0.0,1.0,Other
ME-02,1,50.38,44.62,5.0,0.0,
ME-02,2,52.48,46.52,0.0,1.0,Other
