race_code,round,dem,rep,other,exhausted,eliminated
AK-GOV,1,44.28,47.72,8.0,0.0,
AK-GOV,2,47.64,50.76,0.0,1.6,Other
AK-SEN,1,45.13,46.87,8.0,0.0,
AK-SEN,2,48.49,49.91,0.0,1.6,Other
ME-SEN,1,47.33,47.67,5.0,0.0,
ME-SEN,2,49.43,49.57,0.0,1.0,Other
AK-01,1,45.51,46.49,8.0,0.0,
AK-01,2,48.87,49.53,0.0,1.6,Other
ME-01,1,61.2,33.8,5.0,0.0,
ME-01,2,63.3,35.7,0.0,1.0,Other
ME-02,1,49.73,45.27,5.0,0.0,
ME-02,2,51.83,47.17,0.0,1.0,Other
