race_code,round,dem,rep,other,exhausted,eliminated
AK-GOV,1,41.21,50.79,8.0,0.0,
AK-GOV,2,44.57,53.83,0.0,1.6,Other
AK-SEN,1,44.84,47.16,8.0,0.0,
AK-SEN,2,48.2,50.2,0.0,1.6,Other
ME-SEN,1,47.62,47.38,5.0,0.0,
ME-SEN,2,49.72,49.28,0.0,1.0,Other
AK-01,1,41.7,50.3,8.0,0.0,
AK-01,2,45.3,53.1,0.0,1.6,Other
ME-01,1,60.93,34.07,5.0,0.0,
ME-01,2,63.03,35.97,0.0,1.0,Other
ME-02,1,45.36,49.64,5.0,0.0,
ME-02,2,47.46,51.54,0.0,1.0,Other
