race_code,round,dem,rep,other,exhausted,eliminated
AK-GOV,1,41.21,50.79,8.0,0.0,
AK-GOV,2,44.57,53.83,0.0,1.6,Other
AK-SEN,1,44.9,47.1,8.0,0.0,
AK-SEN,2,48.26,50.14,0.0,1.6,Other
ME-SEN,1,47.7,47.3,5.0,0.0,
ME-SEN,2,49.8,49.2,0.0,1.0,Other
AK-01,1,41.69,50.31,8.0,0.0,
AK-01,2,45.29,53.11,0.0,1.6,Other
ME-01,1,61.82,33.18,5.0,0.0,
ME-01,2,63.92,35.08,0.0,1.0,Other
ME-02,1,45.08,49.92,5.0,0.0,
ME-02,2,47.18,51.82,0.0,1.0,Other
