race_code,round,dem,rep,other,exhausted,eliminated
AK-GOV,1,42.76,49.24,8.0,0.0,
AK-GOV,2,46.12,52.28,0.0,1.6,Other
AK-SEN,1,44.69,47.31,8.0,0.0,
AK-SEN,2,48.05,50.35,0.0,1.6,Other
ME-SEN,1,46.82,48.18,5.0,0.0,
ME-SEN,2,48.92,50.08,0.0,1.0,Other
AK-01,1,43.38,48.62,8.0,0.0,
AK-01,2,46.74,51.66,0.0,1.6,Other
ME-01,1,60.26,34.74,5.0,0.0,
ME-01,2,62.36,36.64,0.0,1.0,Other
ME-02,1,48.84,46.16,5.0,0.0,
ME-02,2,50.94,48.06,0.0,1.0,Other
