race_code,round,dem,rep,other,exhausted,eliminated
AK-GOV,1,42.76,49.24,8.0,0.0,
AK-GOV,2,46.12,52.28,0.0,1.6,Other
AK-SEN,1,44.67,47.33,8.0,0.0,
AK-SEN,2,48.03,50.37,0.0,1.6,Other
ME-SEN,1,46.82,48.18,5.0,0.0,
ME-SEN,2,48.92,50.08,0.0,1.0,Other
AK-01,1,43.35,48.65,8.0,0.0,
AK-01,2,46.71,51.69,0.0,1.6,Other
ME-01,1,60.24,34.76,5.0,0.0,
ME-01,2,62.34,36.66,0.0,1.0,Other
ME-02,1,48.83,46.17,5.0,0.0,
ME-02,2,50.93,48.07,0.0,1.0,Other
