race_code,round,dem,rep,other,exhausted,eliminated
AK-GOV,1,41.7,50.3,8.0,0.0,
AK-GOV,2,45.06,53.34,0.0,1.6,Other
AK-SEN,1,44.18,47.82,8.0,0.0,
AK-SEN,2,47.54,50.86,0.0,1.6,Other
ME-SEN,1,46.95,48.05,5.0,0.0,
ME-SEN,2,49.05,49.95,0.0,1.0,Other
AK-01,1,45.63,46.37,8.0,0.0,
AK-01,2,48.99,49.41,0.0,1.6,Other
ME-01,1,61.32,33.68,5.0,0.0,
ME-01,2,63.42,35.58,0.0,1.0,Other
ME-02,1,50.7,44.3,5.0,0.0,
ME-02,2,52.8,46.2,0.0,1.0,Other
