race_code,round,dem,rep,other,exhausted,eliminated
AK-GOV,1,43.53,48.47,8.0,0.0,
AK-GOV,2,46.89,51.51,0.0,1.6,Other
AK-SEN,1,45.58,46.42,8.0,0.0,
AK-SEN,2,48.94,49.46,0.0,1.6,Other
ME-SEN,1,47.66,47.34,5.0,0.0,
ME-SEN,2,49.76,49.24,0.0,1.0,Other
AK-01,1,44.41,47.59,8.0,0.0,
AK-01,2,47.77,50.63,0.0,1.6,Other
ME-01,1,61.45,33.55,5.0,0.0,
ME-01,2,63.55,35.45,0.0,1.0,Other
ME-02,1,49.8,45.2,5.0,0.0,
ME-02,2,51.9,47.1,0.0,1.0,Other
