race_code,round,dem,rep,other,exhausted,eliminated
AK-GOV,1,41.21,50.79,8.0,0.0,
AK-GOV,2,44.57,53.83,0.0,1.6,Other
AK-SEN,1,44.83,47.17,8.0,0.0,
AK-SEN,2,48.19,50.21,0.0,1.6,Other
ME-SEN,1,47.7,47.3,5.0,0.0,
ME-SEN,2,49.8,49.2,0.0,1.0,Other
AK-01,1,41.57,50.43,8.0,0.0,
AK-01,2,45.17,53.23,0.0,1.6,Other
ME-01,1,61.73,33.27,5.0,0.0,
ME-01,2,63.83,35.17,0.0,1.0,Other
ME-02,1,44.35,50.65,5.0,0.0,
ME-02,2,46.45,52.55,0.0,1.0,Other
