race_code,round,dem,rep,other,exhausted,eliminated
AK-GOV,1,41.64,50.36,8.0,0.0,
AK-GOV,2,45.0,53.4,0.0,1.6,Other
AK-SEN,1,44.1,47.9,8.0,0.0,
AK-SEN,2,47.46,50.94,0.0,1.6,Other
ME-SEN,1,46.87,48.13,5.0,0.0,
ME-SEN,2,48.97,50.03,0.0,1.0,Other
AK-01,1,45.49,46.51,8.0,0.0,
AK-01,2,48.85,49.55,0.0,1.6,Other
ME-01,1,61.35,33.65,5.0,0.0,
ME-01,2,63.45,35.55,0.0,1.0,Other
ME-02,1,50.73,44.27,5.0,0.0,
ME-02,2,52.83,46.17,0.0,1.0,Other
