race_code,round,dem,rep,other,exhausted,eliminated
AK-GOV,1,41.14,50.86,8.0,0.0,
AK-GOV,2,44.5,53.9,0.0,1.6,Other
AK-SEN,1,44.57,47.43,8.0,0.0,
AK-SEN,2,47.93,50.47,0.0,1.6,Other
ME-SEN,1,47.59,47.41,5.0,0.0,
ME-SEN,2,49.69,49.31,0.0,1.0,Other
AK-01,1,41.48,50.52,8.0,0.0,
AK-01,2,45.08,53.32,0.0,1.6,Other
ME-01,1,61.61,33.39,5.0,0.0,
ME-01,2,63.71,35.29,0.0,1.0,Other
ME-02,1,44.9,50.1,5.0,0.0,
ME-02,2,47.0,52.0,0.0,1.0,Other
