race_code,round,dem,rep,other,exhausted,eliminated
AK-GOV,1,44.39,47.61,8.0,0.0,
AK-GOV,2,47.75,50.65,0.0,1.6,Other
AK-SEN,1,45.49,46.51,8.0,0.0,
AK-SEN,2,48.85,49.55,0.0,1.6,Other
ME-SEN,1,47.59,47.41,5.0,0.0,
ME-SEN,2,49.69,49.31,0.0,1.0,Other
AK-01,1,44.49,47.51,8.0,0.0,
AK-01,2,47.85,50.55,0.0,1.6,Other
ME-01,1,61.47,33.53,5.0,0.0,
ME-01,2,63.57,35.43,0.0,1.0,Other
ME-02,1,49.82,45.18,5.0,0.0,
ME-02,2,51.92,47.08,0.0,1.0,Other
