race_code,round,dem,rep,other,exhausted,eliminated
AK-GOV,1,41.15,50.85,8.0,0.0,
AK-GOV,2,44.51,53.89,0.0,1.6,Other
AK-SEN,1,44.5,47.5,8.0,0.0,
AK-SEN,2,47.86,50.54,0.0,1.6,Other
ME-SEN,1,47.52,47.48,5.0,0.0,
ME-SEN,2,49.62,49.38,0.0,1.0,Other
AK-01,1,41.49,50.51,8.0,0.0,
AK-01,2,45.09,53.31,0.0,1.6,Other
ME-01,1,60.83,34.17,5.0,0.0,
ME-01,2,62.93,36.07,0.0,1.0,Other
ME-02,1,45.28,49.72,5.0,0.0,
ME-02,2,47.38,51.62,0.0,1.0,Other
