race_code,round,dem,rep,other,exhausted,eliminated
AK-GOV,1,43.6,48.4,8.0,0.0,
AK-GOV,2,46.96,51.44,0.0,1.6,Other
AK-SEN,1,44.64,47.36,8.0,0.0,
AK-SEN,2,48.0,50.4,0.0,1.6,Other
ME-SEN,1,46.75,48.25,5.0,0.0,
ME-SEN,2,48.85,50.15,0.0,1.0,Other
AK-01,1,43.44,48.56,8.0,0.0,
AK-01,2,46.8,51.6,0.0,1.6,Other
ME-01,1,60.23,34.77,5.0,0.0,
ME-01,2,62.33,36.67,0.0,1.0,Other
ME-02,1,48.81,46.19,5.0,0.0,
ME-02,2,50.91,48.09,0.0,1.0,Other
