race_code,round,dem,rep,other,exhausted,eliminated
AK-GOV,1,43.6,48.4,8.0,0.0,
AK-GOV,2,46.96,51.44,0.0,1.6,Other
AK-SEN,1,44.61,47.39,8.0,0.0,
AK-SEN,2,47.97,50.43,0.0,1.6,Other
ME-SEN,1,46.75,48.25,5.0,0.0,
ME-SEN,2,48.85,50.15,0.0,1.0,Other
AK-01,1,43.48,48.52,8.0,0.0,
AK-01,2,46.84,51.56,0.0,1.6,Other
ME-01,1,60.22,34.78,5.0,0.0,
ME-01,2,62.32,36.68,0.0,1.0,Other
ME-02,1,48.81,46.19,5.0,0.0,
ME-02,2,50.91,48.09,0.0,1.0,Other
