race_code,round,dem,rep,other,exhausted,eliminated
AK-GOV,1,43.63,48.37,8.0,0.0,
AK-GOV,2,46.99,51.41,0.0,1.6,Other
AK-SEN,1,44.9,47.1,8.0,0.0,
AK-SEN,2,48.26,50.14,0.0,1.6,Other
ME-SEN,1,46.86,48.14,5.0,0.0,
ME-SEN,2,48.96,50.04,0.0,1.0,Other
AK-01,1,45.12,46.88,8.0,0.0,
AK-01,2,48.48,49.92,0.0,1.6,Other
ME-01,1,61.07,33.93,5.0,0.0,
ME-01,2,63.17,35.83,0.0,1.0,Other
ME-02,1,49.6,45.4,5.0,0.0,
ME-02,2,51.7,47.3,0.0,1.0,Other
