race_code,round,dem,rep,other,exhausted,eliminated
AK-GOV,1,40.87,51.13,8.0,0.0,
AK-GOV,2,44.23,54.17,0.0,1.6,Other
AK-SEN,1,43.88,48.12,8.0,0.0,
AK-SEN,2,47.24,51.16,0.0,1.6,Other
ME-SEN,1,46.39,48.61,5.0,0.0,
ME-SEN,2,48.49,50.51,0.0,1.0,Other
AK-01,1,41.1,50.9,8.0,0.0,
AK-01,2,44.7,53.7,0.0,1.6,Other
ME-01,1,60.29,34.71,5.0,0.0,
ME-01,2,62.39,36.61,0.0,1.0,Other
ME-02,1,44.61,50.39,5.0,0.0,
ME-02,2,46.71,52.29,0.0,1.0,Other
