race_code,round,dem,rep,other,exhausted,eliminated
AK-GOV,1,42.83,49.17,8.0,0.0,
AK-GOV,2,46.19,52.21,0.0,1.6,Other
AK-SEN,1,44.03,47.97,8.0,0.0,
AK-SEN,2,47.39,51.01,0.0,1.6,Other
ME-SEN,1,45.96,49.04,5.0,0.0,
ME-SEN,2,48.06,50.94,0.0,1.0,Other
AK-01,1,44.11,47.89,8.0,0.0,
AK-01,2,47.47,50.93,0.0,1.6,Other
ME-01,1,59.66,35.34,5.0,0.0,
ME-01,2,61.76,37.24,0.0,1.0,Other
ME-02,1,48.42,46.58,5.0,0.0,
ME-02,2,50.52,48.48,0.0,1.0,Other
