race_code,round,dem,rep,other,exhausted,eliminated
AK-GOV,1,42.83,49.17,8.0,0.0,
AK-GOV,2,46.19,52.21,0.0,1.6,Other
AK-SEN,1,44.07,47.93,8.0,0.0,
AK-SEN,2,47.43,50.97,0.0,1.6,Other
ME-SEN,1,45.96,49.04,5.0,0.0,
ME-SEN,2,48.06,50.94,0.0,1.0,Other
AK-01,1,44.02,47.98,8.0,0.0,
AK-01,2,47.38,51.02,0.0,1.6,Other
ME-01,1,59.72,35.28,5.0,0.0,
ME-01,2,61.82,37.18,0.0,1.0,Other
ME-02,1,48.48,46.52,5.0,0.0,
ME-02,2,50.58,48.42,0.0,1.0,Other
