race_code,round,dem,rep,other,exhausted,eliminated
AK-GOV,1,41.54,50.46,8.0,0.0,
AK-GOV,2,44.9,53.5,0.0,1.6,Other
AK-SEN,1,43.94,48.06,8.0,0.0,
AK-SEN,2,47.3,51.1,0.0,1.6,Other
ME-SEN,1,46.74,48.26,5.0,0.0,
ME-SEN,2,48.84,50.16,0.0,1.0,Other
AK-01,1,45.34,46.66,8.0,0.0,
AK-01,2,48.7,49.7,0.0,1.6,Other
ME-01,1,61.16,33.84,5.0,0.0,
ME-01,2,63.26,35.74,0.0,1.0,Other
ME-02,1,50.54,44.46,5.0,0.0,
ME-02,2,52.64,46.36,0.0,1.0,Other
