race_code,round,dem,rep,other,exhausted,eliminated
AK-GOV,1,41.02,50.98,8.0,0.0,
AK-GOV,2,44.38,54.02,0.0,1.6,Other
AK-SEN,1,43.99,48.01,8.0,0.0,
AK-SEN,2,47.35,51.05,0.0,1.6,Other
ME-SEN,1,47.21,47.79,5.0,0.0,
ME-SEN,2,49.31,49.69,0.0,1.0,Other
AK-01,1,41.26,50.74,8.0,0.0,
AK-01,2,44.86,53.54,0.0,1.6,Other
ME-01,1,60.67,34.33,5.0,0.0,
ME-01,2,62.77,36.23,0.0,1.0,Other
ME-02,1,45.13,49.87,5.0,0.0,
ME-02,2,47.23,51.77,0.0,1.0,Other
