race_code,round,dem,rep,other,exhausted,eliminated
AK-GOV,1,43.52,48.48,8.0,0.0,
AK-GOV,2,46.88,51.52,0.0,1.6,Other
AK-SEN,1,44.2,47.8,8.0,0.0,
AK-SEN,2,47.56,50.84,0.0,1.6,Other
ME-SEN,1,46.42,48.58,5.0,0.0,
ME-SEN,2,48.52,50.48,0.0,1.0,Other
AK-01,1,44.46,47.54,8.0,0.0,
AK-01,2,47.82,50.58,0.0,1.6,Other
ME-01,1,59.97,35.03,5.0,0.0,
ME-01,2,62.07,36.93,0.0,1.0,Other
ME-02,1,48.62,46.38,5.0,0.0,
ME-02,2,50.72,48.28,0.0,1.0,Other
