race_code,round,dem,rep,other,exhausted,eliminated
AK-GOV,1,41.01,50.99,8.0,0.0,
AK-GOV,2,44.37,54.03,0.0,1.6,Other
AK-SEN,1,44.12,47.88,8.0,0.0,
AK-SEN,2,47.48,50.92,0.0,1.6,Other
ME-SEN,1,47.28,47.72,5.0,0.0,
ME-SEN,2,49.38,49.62,0.0,1.0,Other
AK-01,1,41.44,50.56,8.0,0.0,
AK-01,2,45.04,53.36,0.0,1.6,Other
ME-01,1,61.43,33.57,5.0,0.0,
ME-01,2,63.53,35.47,0.0,1.0,Other
ME-02,1,44.75,50.25,5.0,0.0,
ME-02,2,46.85,52.15,0.0,1.0,Other
