race_code,round,dem,rep,other,exhausted,eliminated
AK-GOV,1,44.31,47.69,8.0,0.0,
AK-GOV,2,47.67,50.73,0.0,1.6,Other
AK-SEN,1,45.16,46.84,8.0,0.0,
AK-SEN,2,48.52,49.88,0.0,1.6,Other
ME-SEN,1,47.27,47.73,5.0,0.0,
ME-SEN,2,49.37,49.63,0.0,1.0,Other
AK-01,1,45.58,46.42,8.0,0.0,
AK-01,2,48.94,49.46,0.0,1.6,Other
ME-01,1,61.28,33.72,5.0,0.0,
ME-01,2,63.38,35.62,0.0,1.0,Other
ME-02,1,49.67,45.33,5.0,0.0,
ME-02,2,51.77,47.23,0.0,1.0,Other
