race_code,round,dem,rep,other,exhausted,eliminated
AK-GOV,1,40.92,51.08,8.0,0.0,
AK-GOV,2,44.28,54.12,0.0,1.6,Other
AK-SEN,1,44.02,47.98,8.0,0.0,
AK-SEN,2,47.38,51.02,0.0,1.6,Other
ME-SEN,1,46.57,48.43,5.0,0.0,
ME-SEN,2,48.67,50.33,0.0,1.0,Other
AK-01,1,41.21,50.79,8.0,0.0,
AK-01,2,44.81,53.59,0.0,1.6,Other
ME-01,1,61.18,33.82,5.0,0.0,
ME-01,2,63.28,35.72,0.0,1.0,Other
ME-02,1,44.34,50.66,5.0,0.0,
ME-02,2,46.44,52.56,0.0,1.0,Other
