race_code,round,dem,rep,other,exhausted,eliminated
AK-GOV,1,43.45,48.55,8.0,0.0,
AK-GOV,2,46.81,51.59,0.0,1.6,Other
AK-SEN,1,44.17,47.83,8.0,0.0,
AK-SEN,2,47.53,50.87,0.0,1.6,Other
ME-SEN,1,45.98,49.02,5.0,0.0,
ME-SEN,2,48.08,50.92,0.0,1.0,Other
AK-01,1,44.42,47.58,8.0,0.0,
AK-01,2,47.78,50.62,0.0,1.6,Other
ME-01,1,59.79,35.21,5.0,0.0,
ME-01,2,61.89,37.11,0.0,1.0,Other
ME-02,1,48.53,46.47,5.0,0.0,
ME-02,2,50.63,48.37,0.0,1.0,Other
