race_code,round,dem,rep,other,exhausted,eliminated
AK-GOV,1,43.45,48.55,8.0,0.0,
AK-GOV,2,46.81,51.59,0.0,1.6,Other
AK-SEN,1,44.22,47.78,8.0,0.0,
AK-SEN,2,47.58,50.82,0.0,1.6,Other
ME-SEN,1,45.98,49.02,5.0,0.0,
ME-SEN,2,48.08,50.92,0.0,1.0,Other
AK-01,1,44.46,47.54,8.0,0.0,
AK-01,2,47.82,50.58,0.0,1.6,Other
ME-01,1,59.74,35.26,5.0,0.0,
ME-01,2,61.84,37.16,0.0,1.0,Other
ME-02,1,48.49,46.51,5.0,0.0,
ME-02,2,50.59,48.41,0.0,1.0,Other
