race_code,round,dem,rep,other,exhausted,eliminated
AK-GOV,1,44.24,47.76,8.0,0.0,
AK-GOV,2,47.6,50.8,0.0,1.6,Other
AK-SEN,1,45.08,46.92,8.0,0.0,
AK-SEN,2,48.44,49.96,0.0,1.6,Other
ME-SEN,1,46.86,48.14,5.0,0.0,
ME-SEN,2,48.96,50.04,0.0,1.0,Other
AK-01,1,45.48,46.52,8.0,0.0,
AK-01,2,48.84,49.56,0.0,1.6,Other
ME-01,1,61.08,33.92,5.0,0.0,
ME-01,2,63.18,35.82,0.0,1.0,Other
ME-02,1,49.61,45.39,5.0,0.0,
ME-02,2,51.71,47.29,0.0,1.0,Other
