race_code,round,dem,rep,other,exhausted,eliminated
AK-GOV,1,41.12,50.88,8.0,0.0,
AK-GOV,2,44.48,53.92,0.0,1.6,Other
AK-SEN,1,44.44,47.56,8.0,0.0,
AK-SEN,2,47.8,50.6,0.0,1.6,Other
ME-SEN,1,47.41,47.59,5.0,0.0,
ME-SEN,2,49.51,49.49,0.0,1.0,Other
AK-01,1,41.46,50.54,8.0,0.0,
AK-01,2,45.06,53.34,0.0,1.6,Other
ME-01,1,60.77,34.23,5.0,0.0,
ME-01,2,62.87,36.13,0.0,1.0,Other
ME-02,1,45.22,49.78,5.0,0.0,
ME-02,2,47.32,51.68,0.0,1.0,Other
