race_code,round,dem,rep,other,exhausted,eliminated
AK-GOV,1,41.11,50.89,8.0,0.0,
AK-GOV,2,44.47,53.93,0.0,1.6,Other
AK-SEN,1,44.44,47.56,8.0,0.0,
AK-SEN,2,47.8,50.6,0.0,1.6,Other
ME-SEN,1,47.48,47.52,5.0,0.0,
ME-SEN,2,49.58,49.42,0.0,1.0,Other
AK-01,1,41.41,50.59,8.0,0.0,
AK-01,2,45.01,53.39,0.0,1.6,Other
ME-01,1,61.55,33.45,5.0,0.0,
ME-01,2,63.65,35.35,0.0,1.0,Other
ME-02,1,44.85,50.15,5.0,0.0,
ME-02,2,46.95,52.05,0.0,1.0,Other
