race_code,round,dem,rep,other,exhausted,eliminated
AK-GOV,1,42.88,49.12,8.0,0.0,
AK-GOV,2,46.24,52.16,0.0,1.6,Other
AK-SEN,1,44.11,47.89,8.0,0.0,
AK-SEN,2,47.47,50.93,0.0,1.6,Other
ME-SEN,1,46.03,48.97,5.0,0.0,
ME-SEN,2,48.13,50.87,0.0,1.0,Other
AK-01,1,44.15,47.85,8.0,0.0,
AK-01,2,47.51,50.89,0.0,1.6,Other
ME-01,1,59.87,35.13,5.0,0.0,
ME-01,2,61.97,37.03,0.0,1.0,Other
ME-02,1,48.6,46.4,5.0,0.0,
ME-02,2,50.7,48.3,0.0,1.0,Other
