race_code,round,dem,rep,other,exhausted,eliminated
AK-GOV,1,42.88,49.12,8.0,0.0,
AK-GOV,2,46.24,52.16,0.0,1.6,Other
AK-SEN,1,44.09,47.91,8.0,0.0,
AK-SEN,2,47.45,50.95,0.0,1.6,Other
ME-SEN,1,46.03,48.97,5.0,0.0,
ME-SEN,2,48.13,50.87,0.0,1.0,Other
AK-01,1,44.1,47.9,8.0,0.0,
AK-01,2,47.46,50.94,0.0,1.6,Other
ME-01,1,59.78,35.22,5.0,0.0,
ME-01,2,61.88,37.12,0.0,1.0,Other
ME-02,1,48.53,46.47,5.0,0.0,
ME-02,2,50.63,48.37,0.0,1.0,Other
