race_code,round,dem,rep,other,exhausted,eliminated
AK-GOV,1,41.47,50.53,8.0,0.0,
AK-GOV,2,44.83,53.57,0.0,1.6,Other
AK-SEN,1,43.84,48.16,8.0,0.0,
AK-SEN,2,47.2,51.2,0.0,1.6,Other
ME-SEN,1,46.65,48.35,5.0,0.0,
ME-SEN,2,48.75,50.25,0.0,1.0,Other
AK-01,1,45.34,46.66,8.0,0.0,
AK-01,2,48.7,49.7,0.0,1.6,Other
ME-01,1,61.0,34.0,5.0,0.0,
ME-01,2,63.1,35.9,0.0,1.0,Other
ME-02,1,50.38,44.62,5.0,0.0,
ME-02,2,52.48,46.52,0.0,1.0,Other
