race_code,round,dem,rep,other,exhausted,eliminated
AK-GOV,1,43.69,48.31,8.0,0.0,
AK-GOV,2,47.05,51.35,0.0,1.6,Other
AK-SEN,1,45.03,46.97,8.0,0.0,
AK-SEN,2,48.39,50.01,0.0,1.6,Other
ME-SEN,1,46.93,48.07,5.0,0.0,
ME-SEN,2,49.03,49.97,0.0,1.0,Other
AK-01,1,45.25,46.75,8.0,0.0,
AK-01,2,48.61,49.79,0.0,1.6,Other
ME-01,1,61.06,33.94,5.0,0.0,
ME-01,2,63.16,35.84,0.0,1.0,Other
ME-02,1,49.6,45.4,5.0,0.0,
ME-02,2,51.7,47.3,0.0,1.0,Other
