race_code,round,dem,rep,other,exhausted,eliminated
AK-GOV,1,44.11,47.89,8.0,0.0,
AK-GOV,2,47.47,50.93,0.0,1.6,Other
AK-SEN,1,46.22,45.78,8.0,0.0,
AK-SEN,2,49.58,48.82,0.0,1.6,Other
ME-SEN,1,48.46,46.54,5.0,0.0,
ME-SEN,2,50.56,48.44,0.0,1.0,Other
AK-01,1,45.99,46.01,8.0,0.0,
AK-01,2,49.35,49.05,0.0,1.6,Other
ME-01,1,62.63,32.37,5.0,0.0,
ME-01,2,64.73,34.27,0.0,1.0,Other
ME-02,1,50.73,44.27,5.0,0.0,
ME-02,2,52.83,46.17,0.0,1.0,Other
