race_code,round,dem,rep,other,exhausted,eliminated
AK-GOV,1,41.96,50.04,8.0,0.0,
AK-GOV,2,45.32,53.08,0.0,1.6,Other
AK-SEN,1,45.47,46.53,8.0,0.0,
AK-SEN,2,48.83,49.57,0.0,1.6,Other
ME-SEN,1,48.2,46.8,5.0,0.0,
ME-SEN,2,50.3,48.7,0.0,1.0,Other
AK-01,1,42.48,49.52,8.0,0.0,
AK-01,2,46.08,52.32,0.0,1.6,Other
ME-01,1,61.96,33.04,5.0,0.0,
ME-01,2,64.06,34.94,0.0,1.0,Other
ME-02,1,46.3,48.7,5.0,0.0,
ME-02,2,48.4,50.6,0.0,1.0,Other
