race_code,round,dem,rep,other,exhausted,eliminated
AK-GOV,1,41.2,50.8,8.0,0.0,
AK-GOV,2,44.56,53.84,0.0,1.6,Other
AK-SEN,1,44.48,47.52,8.0,0.0,
AK-SEN,2,47.84,50.56,0.0,1.6,Other
ME-SEN,1,47.61,47.39,5.0,0.0,
ME-SEN,2,49.71,49.29,0.0,1.0,Other
AK-01,1,41.49,50.51,8.0,0.0,
AK-01,2,45.09,53.31,0.0,1.6,Other
ME-01,1,60.89,34.11,5.0,0.0,
ME-01,2,62.99,36.01,0.0,1.0,Other
ME-02,1,45.32,49.68,5.0,0.0,
ME-02,2,47.42,51.58,0.0,1.0,Other
