race_code,round,dem,rep,other,exhausted,eliminated
AK-GOV,1,41.67,50.33,8.0,0.0,
AK-GOV,2,45.03,53.37,0.0,1.6,Other
AK-SEN,1,44.13,47.87,8.0,0.0,
AK-SEN,2,47.49,50.91,0.0,1.6,Other
ME-SEN,1,46.92,48.08,5.0,0.0,
ME-SEN,2,49.02,49.98,0.0,1.0,Other
AK-01,1,45.63,46.37,8.0,0.0,
AK-01,2,48.99,49.41,0.0,1.6,Other
ME-01,1,61.29,33.71,5.0,0.0,
ME-01,2,63.39,35.61,0.0,1.0,Other
ME-02,1,50.67,44.33,5.0,0.0,
ME-02,2,52.77,46.23,0.0,1.0,Other
