race_code,round,dem,rep,other,exhausted,eliminated
AK-GOV,1,43.63,48.37,8.0,0.0,
AK-GOV,2,46.99,51.41,0.0,1.6,Other
AK-SEN,1,44.62,47.38,8.0,0.0,
AK-SEN,2,47.98,50.42,0.0,1.6,Other
ME-SEN,1,46.79,48.21,5.0,0.0,
ME-SEN,2,48.89,50.11,0.0,1.0,Other
AK-01,1,43.5,48.5,8.0,0.0,
AK-01,2,46.86,51.54,0.0,1.6,Other
ME-01,1,60.2,34.8,5.0,0.0,
ME-01,2,62.3,36.7,0.0,1.0,Other
ME-02,1,48.79,46.21,5.0,0.0,
ME-02,2,50.89,48.11,0.0,1.0,Other
