race_code,round,dem,rep,other,exhausted,eliminated
AK-GOV,1,43.63,48.37,8.0,0.0,
AK-GOV,2,46.99,51.41,0.0,1.6,Other
AK-SEN,1,44.59,47.41,8.0,0.0,
AK-SEN,2,47.95,50.45,0.0,1.6,Other
ME-SEN,1,46.79,48.21,5.0,0.0,
ME-SEN,2,48.89,50.11,0.0,1.0,Other
AK-01,1,43.45,48.55,8.0,0.0,
AK-01,2,46.81,51.59,0.0,1.6,Other
ME-01,1,60.24,34.76,5.0,0.0,
ME-01,2,62.34,36.66,0.0,1.0,Other
ME-02,1,48.82,46.18,5.0,0.0,
ME-02,2,50.92,48.08,0.0,1.0,Other
