race_code,round,dem,rep,other,exhausted,eliminated
AK-GOV,1,41.38,50.62,8.0,0.0,
AK-GOV,2,44.74,53.66,0.0,1.6,Other
AK-SEN,1,43.78,48.22,8.0,0.0,
AK-SEN,2,47.14,51.26,0.0,1.6,Other
ME-SEN,1,46.54,48.46,5.0,0.0,
ME-SEN,2,48.64,50.36,0.0,1.0,Other
AK-01,1,45.1,46.9,8.0,0.0,
AK-01,2,48.46,49.94,0.0,1.6,Other
ME-01,1,60.86,34.14,5.0,0.0,
ME-01,2,62.96,36.04,0.0,1.0,Other
ME-02,1,50.24,44.76,5.0,0.0,
ME-02,2,52.34,46.66,0.0,1.0,Other
