race_code,round,dem,rep,other,exhausted,eliminated
AK-GOV,1,42.81,49.19,8.0,0.0,
AK-GOV,2,46.17,52.23,0.0,1.6,Other
AK-SEN,1,43.92,48.08,8.0,0.0,
AK-SEN,2,47.28,51.12,0.0,1.6,Other
ME-SEN,1,45.95,49.05,5.0,0.0,
ME-SEN,2,48.05,50.95,0.0,1.0,Other
AK-01,1,43.98,48.02,8.0,0.0,
AK-01,2,47.34,51.06,0.0,1.6,Other
ME-01,1,59.7,35.3,5.0,0.0,
ME-01,2,61.8,37.2,0.0,1.0,Other
ME-02,1,48.46,46.54,5.0,0.0,
ME-02,2,50.56,48.44,0.0,1.0,Other
