race_code,round,dem,rep,other,exhausted,eliminated
AK-GOV,1,43.61,48.39,8.0,0.0,
AK-GOV,2,46.97,51.43,0.0,1.6,Other
AK-SEN,1,44.91,47.09,8.0,0.0,
AK-SEN,2,48.27,50.13,0.0,1.6,Other
ME-SEN,1,46.85,48.15,5.0,0.0,
ME-SEN,2,48.95,50.05,0.0,1.0,Other
AK-01,1,45.16,46.84,8.0,0.0,
AK-01,2,48.52,49.88,0.0,1.6,Other
ME-01,1,61.08,33.92,5.0,0.0,
ME-01,2,63.18,35.82,0.0,1.0,Other
ME-02,1,49.61,45.39,5.0,0.0,
ME-02,2,51.71,47.29,0.0,1.0,Other
