race_code,round,dem,rep,other,exhausted,eliminated
AK-GOV,1,40.86,51.14,8.0,0.0,
AK-GOV,2,44.22,54.18,0.0,1.6,Other
AK-SEN,1,43.9,48.1,8.0,0.0,
AK-SEN,2,47.26,51.14,0.0,1.6,Other
ME-SEN,1,46.37,48.63,5.0,0.0,
ME-SEN,2,48.47,50.53,0.0,1.0,Other
AK-01,1,41.15,50.85,8.0,0.0,
AK-01,2,44.75,53.65,0.0,1.6,Other
ME-01,1,60.27,34.73,5.0,0.0,
ME-01,2,62.37,36.63,0.0,1.0,Other
ME-02,1,44.59,50.41,5.0,0.0,
ME-02,2,46.69,52.31,0.0,1.0,Other
