race_code,round,dem,rep,other,exhausted,eliminated
AK-GOV,1,43.34,48.66,8.0,0.0,
AK-GOV,2,46.7,51.7,0.0,1.6,Other
AK-SEN,1,45.36,46.64,8.0,0.0,
AK-SEN,2,48.72,49.68,0.0,1.6,Other
ME-SEN,1,47.65,47.35,5.0,0.0,
ME-SEN,2,49.75,49.25,0.0,1.0,Other
AK-01,1,44.89,47.11,8.0,0.0,
AK-01,2,48.25,50.15,0.0,1.6,Other
ME-01,1,61.3,33.7,5.0,0.0,
ME-01,2,63.4,35.6,0.0,1.0,Other
ME-02,1,49.69,45.31,5.0,0.0,
ME-02,2,51.79,47.21,0.0,1.0,Other
