race_code,round,dem,rep,other,exhausted,eliminated
AK-GOV,1,41.96,50.04,8.0,0.0,
AK-GOV,2,45.32,53.08,0.0,1.6,Other
AK-SEN,1,45.48,46.52,8.0,0.0,
AK-SEN,2,48.84,49.56,0.0,1.6,Other
ME-SEN,1,48.2,46.8,5.0,0.0,
ME-SEN,2,50.3,48.7,0.0,1.0,Other
AK-01,1,42.47,49.53,8.0,0.0,
AK-01,2,46.07,52.33,0.0,1.6,Other
ME-01,1,62.04,32.96,5.0,0.0,
ME-01,2,64.14,34.86,0.0,1.0,Other
ME-02,1,46.37,48.63,5.0,0.0,
ME-02,2,48.47,50.53,0.0,1.0,Other
