race_code,round,dem,rep,other,exhausted,eliminated
AK-GOV,1,44.11,47.89,8.0,0.0,
AK-GOV,2,47.47,50.93,0.0,1.6,Other
AK-SEN,1,46.21,45.79,8.0,0.0,
AK-SEN,2,49.57,48.83,0.0,1.6,Other
ME-SEN,1,48.47,46.53,5.0,0.0,
ME-SEN,2,50.57,48.43,0.0,1.0,Other
AK-01,1,45.88,46.12,8.0,0.0,
AK-01,2,49.24,49.16,0.0,1.6,Other
ME-01,1,62.55,32.45,5.0,0.0,
ME-01,2,64.65,34.35,0.0,1.0,Other
ME-02,1,50.67,44.33,5.0,0.0,
ME-02,2,52.77,46.23,0.0,1.0,Other
