race_code,round,dem,rep,other,exhausted,eliminated
AK-GOV,1,43.34,48.66,8.0,0.0,
AK-GOV,2,46.7,51.7,0.0,1.6,Other
AK-SEN,1,45.41,46.59,8.0,0.0,
AK-SEN,2,48.77,49.63,0.0,1.6,Other
ME-SEN,1,47.65,47.35,5.0,0.0,
ME-SEN,2,49.75,49.25,0.0,1.0,Other
AK-01,1,44.94,47.06,8.0,0.0,
AK-01,2,48.3,50.1,0.0,1.6,Other
ME-01,1,61.33,33.67,5.0,0.0,
ME-01,2,63.43,35.57,0.0,1.0,Other
ME-02,1,49.71,45.29,5.0,0.0,
ME-02,2,51.81,47.19,0.0,1.0,Other
