race_code,round,dem,rep,other,exhausted,eliminated
AK-GOV,1,43.6,48.4,8.0,0.0,
AK-GOV,2,46.96,51.44,0.0,1.6,Other
AK-SEN,1,44.48,47.52,8.0,0.0,
AK-SEN,2,47.84,50.56,0.0,1.6,Other
ME-SEN,1,46.75,48.25,5.0,0.0,
ME-SEN,2,48.85,50.15,0.0,1.0,Other
AK-01,1,43.27,48.73,8.0,0.0,
AK-01,2,46.63,51.77,0.0,1.6,Other
ME-01,1,60.16,34.84,5.0,0.0,
ME-01,2,62.26,36.74,0.0,1.0,Other
ME-02,1,48.76,46.24,5.0,0.0,
ME-02,2,50.86,48.14,0.0,1.0,Other
