race_code,round,dem,rep,other,exhausted,eliminated
AK-GOV,1,44.39,47.61,8.0,0.0,
AK-GOV,2,47.75,50.65,0.0,1.6,Other
AK-SEN,1,45.47,46.53,8.0,0.0,
AK-SEN,2,48.83,49.57,0.0,1.6,Other
ME-SEN,1,47.59,47.41,5.0,0.0,
ME-SEN,2,49.69,49.31,0.0,1.0,Other
AK-01,1,44.48,47.52,8.0,0.0,
AK-01,2,47.84,50.56,0.0,1.6,Other
ME-01,1,61.38,33.62,5.0,0.0,
ME-01,2,63.48,35.52,0.0,1.0,Other
ME-02,1,49.75,45.25,5.0,0.0,
ME-02,2,51.85,47.15,0.0,1.0,Other
