race_code,round,dem,rep,other,exhausted,eliminated
AK-GOV,1,42.79,49.21,8.0,0.0,
AK-GOV,2,46.15,52.25,0.0,1.6,Other
AK-SEN,1,44.69,47.31,8.0,0.0,
AK-SEN,2,48.05,50.35,0.0,1.6,Other
ME-SEN,1,46.85,48.15,5.0,0.0,
ME-SEN,2,48.95,50.05,0.0,1.0,Other
AK-01,1,43.33,48.67,8.0,0.0,
AK-01,2,46.69,51.71,0.0,1.6,Other
ME-01,1,60.3,34.7,5.0,0.0,
ME-01,2,62.4,36.6,0.0,1.0,Other
ME-02,1,48.87,46.13,5.0,0.0,
ME-02,2,50.97,48.03,0.0,1.0,Other
