race_code,round,dem,rep,other,exhausted,eliminated
AK-GOV,1,41.73,50.27,8.0,0.0,
AK-GOV,2,45.09,53.31,0.0,1.6,Other
AK-SEN,1,44.2,47.8,8.0,0.0,
AK-SEN,2,47.56,50.84,0.0,1.6,Other
ME-SEN,1,46.99,48.01,5.0,0.0,
ME-SEN,2,49.09,49.91,0.0,1.0,Other
AK-01,1,45.67,46.33,8.0,0.0,
AK-01,2,49.03,49.37,0.0,1.6,Other
ME-01,1,61.43,33.57,5.0,0.0,
ME-01,2,63.53,35.47,0.0,1.0,Other
ME-02,1,50.81,44.19,5.0,0.0,
ME-02,2,52.91,46.09,0.0,1.0,Other
