race_code,round,dem,rep,other,exhausted,eliminated
AK-GOV,1,41.24,50.76,8.0,0.0,
AK-GOV,2,44.6,53.8,0.0,1.6,Other
AK-SEN,1,44.76,47.24,8.0,0.0,
AK-SEN,2,48.12,50.28,0.0,1.6,Other
ME-SEN,1,47.65,47.35,5.0,0.0,
ME-SEN,2,49.75,49.25,0.0,1.0,Other
AK-01,1,41.6,50.4,8.0,0.0,
AK-01,2,45.2,53.2,0.0,1.6,Other
ME-01,1,61.05,33.95,5.0,0.0,
ME-01,2,63.15,35.85,0.0,1.0,Other
ME-02,1,45.46,49.54,5.0,0.0,
ME-02,2,47.56,51.44,0.0,1.0,Other
