race_code,round,dem,rep,other,exhausted,eliminated
AK-GOV,1,43.56,48.44,8.0,0.0,
AK-GOV,2,46.92,51.48,0.0,1.6,Other
AK-SEN,1,45.65,46.35,8.0,0.0,
AK-SEN,2,49.01,49.39,0.0,1.6,Other
ME-SEN,1,47.69,47.31,5.0,0.0,
ME-SEN,2,49.79,49.21,0.0,1.0,Other
AK-01,1,44.46,47.54,8.0,0.0,
AK-01,2,47.82,50.58,0.0,1.6,Other
ME-01,1,61.57,33.43,5.0,0.0,
ME-01,2,63.67,35.33,0.0,1.0,Other
ME-02,1,49.9,45.1,5.0,0.0,
ME-02,2,52.0,47.0,0.0,1.0,Other
