race_code,round,dem,rep,other,exhausted,eliminated
AK-GOV,1,43.1,48.9,8.0,0.0,
AK-GOV,2,46.46,51.94,0.0,1.6,Other
AK-SEN,1,45.03,46.97,8.0,0.0,
AK-SEN,2,48.39,50.01,0.0,1.6,Other
ME-SEN,1,47.26,47.74,5.0,0.0,
ME-SEN,2,49.36,49.64,0.0,1.0,Other
AK-01,1,43.73,48.27,8.0,0.0,
AK-01,2,47.09,51.31,0.0,1.6,Other
ME-01,1,60.82,34.18,5.0,0.0,
ME-01,2,62.92,36.08,0.0,1.0,Other
ME-02,1,49.32,45.68,5.0,0.0,
ME-02,2,51.42,47.58,0.0,1.0,Other
