race_code,round,dem,rep,other,exhausted,eliminated
AK-GOV,1,42.13,49.87,8.0,0.0,
AK-GOV,2,45.49,52.91,0.0,1.6,Other
AK-SEN,1,44.8,47.2,8.0,0.0,
AK-SEN,2,48.16,50.24,0.0,1.6,Other
ME-SEN,1,47.5,47.5,5.0,0.0,
ME-SEN,2,49.6,49.4,0.0,1.0,Other
AK-01,1,46.28,45.72,8.0,0.0,
AK-01,2,49.64,48.76,0.0,1.6,Other
ME-01,1,62.01,32.99,5.0,0.0,
ME-01,2,64.11,34.89,0.0,1.0,Other
ME-02,1,51.39,43.61,5.0,0.0,
ME-02,2,53.49,45.51,0.0,1.0,Other
