race_code,round,dem,rep,other,exhausted,eliminated
AK-GOV,1,43.87,48.13,8.0,0.0,
AK-GOV,2,47.23,51.17,0.0,1.6,Other
AK-SEN,1,45.9,46.1,8.0,0.0,
AK-SEN,2,49.26,49.14,0.0,1.6,Other
ME-SEN,1,48.09,46.91,5.0,0.0,
ME-SEN,2,50.19,48.81,0.0,1.0,Other
AK-01,1,44.86,47.14,8.0,0.0,
AK-01,2,48.22,50.18,0.0,1.6,Other
ME-01,1,62.13,32.87,5.0,0.0,
ME-01,2,64.23,34.77,0.0,1.0,Other
ME-02,1,50.36,44.64,5.0,0.0,
ME-02,2,52.46,46.54,0.0,1.0,Other
