race_code,round,dem,rep,other,exhausted,eliminated
AK-GOV,1,41.64,50.36,8.0,0.0,
AK-GOV,2,45.0,53.4,0.0,1.6,Other
AK-SEN,1,45.18,46.82,8.0,0.0,
AK-SEN,2,48.54,49.86,0.0,1.6,Other
ME-SEN,1,47.99,47.01,5.0,0.0,
ME-SEN,2,50.09,48.91,0.0,1.0,Other
AK-01,1,42.13,49.87,8.0,0.0,
AK-01,2,45.73,52.67,0.0,1.6,Other
ME-01,1,61.56,33.44,5.0,0.0,
ME-01,2,63.66,35.34,0.0,1.0,Other
ME-02,1,45.97,49.03,5.0,0.0,
ME-02,2,48.07,50.93,0.0,1.0,Other
