race_code,round,dem,rep,other,exhausted,eliminated
AK-GOV,1,41.64,50.36,8.0,0.0,
AK-GOV,2,45.0,53.4,0.0,1.6,Other
AK-SEN,1,45.2,46.8,8.0,0.0,
AK-SEN,2,48.56,49.84,0.0,1.6,Other
ME-SEN,1,48.06,46.94,5.0,0.0,
ME-SEN,2,50.16,48.84,0.0,1.0,Other
AK-01,1,42.07,49.93,8.0,0.0,
AK-01,2,45.67,52.73,0.0,1.6,Other
ME-01,1,62.32,32.68,5.0,0.0,
ME-01,2,64.42,34.58,0.0,1.0,Other
ME-02,1,45.6,49.4,5.0,0.0,
ME-02,2,47.7,51.3,0.0,1.0,Other
