race_code,round,dem,rep,other,exhausted,eliminated
AK-GOV,1,43.1,48.9,8.0,0.0,
AK-GOV,2,46.46,51.94,0.0,1.6,Other
AK-SEN,1,45.05,46.95,8.0,0.0,
AK-SEN,2,48.41,49.99,0.0,1.6,Other
ME-SEN,1,47.26,47.74,5.0,0.0,
ME-SEN,2,49.36,49.64,0.0,1.0,Other
AK-01,1,43.87,48.13,8.0,0.0,
AK-01,2,47.23,51.17,0.0,1.6,Other
ME-01,1,60.96,34.04,5.0,0.0,
ME-01,2,63.06,35.94,0.0,1.0,Other
ME-02,1,49.43,45.57,5.0,0.0,
ME-02,2,51.53,47.47,0.0,1.0,Other
