race_code,round,dem,rep,other,exhausted,eliminated
AK-GOV,1,42.82,49.18,8.0,0.0,
AK-GOV,2,46.18,52.22,0.0,1.6,Other
AK-SEN,1,44.83,47.17,8.0,0.0,
AK-SEN,2,48.19,50.21,0.0,1.6,Other
ME-SEN,1,46.89,48.11,5.0,0.0,
ME-SEN,2,48.99,50.01,0.0,1.0,Other
AK-01,1,43.48,48.52,8.0,0.0,
AK-01,2,46.84,51.56,0.0,1.6,Other
ME-01,1,60.35,34.65,5.0,0.0,
ME-01,2,62.45,36.55,0.0,1.0,Other
ME-02,1,48.55,46.45,5.0,0.0,
ME-02,2,50.65,48.35,0.0,1.0,Other
