race_code,round,dem,rep,other,exhausted,eliminated
AK-GOV,1,43.59,48.41,8.0,0.0,
AK-GOV,2,46.95,51.45,0.0,1.6,Other
AK-SEN,1,45.65,46.35,8.0,0.0,
AK-SEN,2,49.01,49.39,0.0,1.6,Other
ME-SEN,1,47.73,47.27,5.0,0.0,
ME-SEN,2,49.83,49.17,0.0,1.0,Other
AK-01,1,44.5,47.5,8.0,0.0,
AK-01,2,47.86,50.54,0.0,1.6,Other
ME-01,1,61.59,33.41,5.0,0.0,
ME-01,2,63.69,35.31,0.0,1.0,Other
ME-02,1,49.53,45.47,5.0,0.0,
ME-02,2,51.63,47.37,0.0,1.0,Other
