race_code,round,dem,rep,other,exhausted,eliminated
AK-GOV,1,41.28,50.72,8.0,0.0,
AK-GOV,2,44.64,53.76,0.0,1.6,Other
AK-SEN,1,44.84,47.16,8.0,0.0,
AK-SEN,2,48.2,50.2,0.0,1.6,Other
ME-SEN,1,47.69,47.31,5.0,0.0,
ME-SEN,2,49.79,49.21,0.0,1.0,Other
AK-01,1,41.72,50.28,8.0,0.0,
AK-01,2,45.32,53.08,0.0,1.6,Other
ME-01,1,61.07,33.93,5.0,0.0,
ME-01,2,63.17,35.83,0.0,1.0,Other
ME-02,1,45.25,49.75,5.0,0.0,
ME-02,2,47.35,51.65,0.0,1.0,Other
