race_code,round,dem,rep,other,exhausted,eliminated
AK-GOV,1,41.27,50.73,8.0,0.0,
AK-GOV,2,44.63,53.77,0.0,1.6,Other
AK-SEN,1,44.85,47.15,8.0,0.0,
AK-SEN,2,48.21,50.19,0.0,1.6,Other
ME-SEN,1,47.76,47.24,5.0,0.0,
ME-SEN,2,49.86,49.14,0.0,1.0,Other
AK-01,1,41.62,50.38,8.0,0.0,
AK-01,2,45.22,53.18,0.0,1.6,Other
ME-01,1,61.83,33.17,5.0,0.0,
ME-01,2,63.93,35.07,0.0,1.0,Other
ME-02,1,44.86,50.14,5.0,0.0,
ME-02,2,46.96,52.04,0.0,1.0,Other
