race_code,round,dem,rep,other,exhausted,eliminated
AK-GOV,1,42.82,49.18,8.0,0.0,
AK-GOV,2,46.18,52.22,0.0,1.6,Other
AK-SEN,1,44.76,47.24,8.0,0.0,
AK-SEN,2,48.12,50.28,0.0,1.6,Other
ME-SEN,1,46.89,48.11,5.0,0.0,
ME-SEN,2,48.99,50.01,0.0,1.0,Other
AK-01,1,43.51,48.49,8.0,0.0,
AK-01,2,46.87,51.53,0.0,1.6,Other
ME-01,1,60.35,34.65,5.0,0.0,
ME-01,2,62.45,36.55,0.0,1.0,Other
ME-02,1,48.54,46.46,5.0,0.0,
ME-02,2,50.64,48.36,0.0,1.0,Other
