race_code,round,dem,rep,other,exhausted,eliminated
AK-GOV,1,41.78,50.22,8.0,0.0,
AK-GOV,2,45.14,53.26,0.0,1.6,Other
AK-SEN,1,44.21,47.79,8.0,0.0,
AK-SEN,2,47.57,50.83,0.0,1.6,Other
ME-SEN,1,47.05,47.95,5.0,0.0,
ME-SEN,2,49.15,49.85,0.0,1.0,Other
AK-01,1,45.7,46.3,8.0,0.0,
AK-01,2,49.06,49.34,0.0,1.6,Other
ME-01,1,61.5,33.5,5.0,0.0,
ME-01,2,63.6,35.4,0.0,1.0,Other
ME-02,1,50.88,44.12,5.0,0.0,
ME-02,2,52.98,46.02,0.0,1.0,Other
