race_code,round,dem,rep,other,exhausted,eliminated
AK-GOV,1,43.5,48.5,8.0,0.0,
AK-GOV,2,46.86,51.54,0.0,1.6,Other
AK-SEN,1,44.25,47.75,8.0,0.0,
AK-SEN,2,47.61,50.79,0.0,1.6,Other
ME-SEN,1,46.45,48.55,5.0,0.0,
ME-SEN,2,48.55,50.45,0.0,1.0,Other
AK-01,1,44.5,47.5,8.0,0.0,
AK-01,2,47.86,50.54,0.0,1.6,Other
ME-01,1,59.94,35.06,5.0,0.0,
ME-01,2,62.04,36.96,0.0,1.0,Other
ME-02,1,48.69,46.31,5.0,0.0,
ME-02,2,50.79,48.21,0.0,1.0,Other
