race_code,round,dem,rep,other,exhausted,eliminated
AK-GOV,1,40.97,51.03,8.0,0.0,
AK-GOV,2,44.33,54.07,0.0,1.6,Other
AK-SEN,1,44.0,48.0,8.0,0.0,
AK-SEN,2,47.36,51.04,0.0,1.6,Other
ME-SEN,1,47.2,47.8,5.0,0.0,
ME-SEN,2,49.3,49.7,0.0,1.0,Other
AK-01,1,41.24,50.76,8.0,0.0,
AK-01,2,44.84,53.56,0.0,1.6,Other
ME-01,1,60.65,34.35,5.0,0.0,
ME-01,2,62.75,36.25,0.0,1.0,Other
ME-02,1,45.12,49.88,5.0,0.0,
ME-02,2,47.22,51.78,0.0,1.0,Other
