race_code,round,dem,rep,other,exhausted,eliminated
AK-GOV,1,40.97,51.03,8.0,0.0,
AK-GOV,2,44.33,54.07,0.0,1.6,Other
AK-SEN,1,44.1,47.9,8.0,0.0,
AK-SEN,2,47.46,50.94,0.0,1.6,Other
ME-SEN,1,47.27,47.73,5.0,0.0,
ME-SEN,2,49.37,49.63,0.0,1.0,Other
AK-01,1,41.25,50.75,8.0,0.0,
AK-01,2,44.85,53.55,0.0,1.6,Other
ME-01,1,61.38,33.62,5.0,0.0,
ME-01,2,63.48,35.52,0.0,1.0,Other
ME-02,1,44.71,50.29,5.0,0.0,
ME-02,2,46.81,52.19,0.0,1.0,Other
