race_code,round,dem,rep,other,exhausted,eliminated
AK-GOV,1,43.5,48.5,8.0,0.0,
AK-GOV,2,46.86,51.54,0.0,1.6,Other
AK-SEN,1,44.15,47.85,8.0,0.0,
AK-SEN,2,47.51,50.89,0.0,1.6,Other
ME-SEN,1,46.45,48.55,5.0,0.0,
ME-SEN,2,48.55,50.45,0.0,1.0,Other
AK-01,1,44.36,47.64,8.0,0.0,
AK-01,2,47.72,50.68,0.0,1.6,Other
ME-01,1,59.97,35.03,5.0,0.0,
ME-01,2,62.07,36.93,0.0,1.0,Other
ME-02,1,48.72,46.28,5.0,0.0,
ME-02,2,50.82,48.18,0.0,1.0,Other
