race_code,round,dem,rep,other,exhausted,eliminated
AK-GOV,1,41.51,50.49,8.0,0.0,
AK-GOV,2,44.87,53.53,0.0,1.6,Other
AK-SEN,1,43.95,48.05,8.0,0.0,
AK-SEN,2,47.31,51.09,0.0,1.6,Other
ME-SEN,1,46.71,48.29,5.0,0.0,
ME-SEN,2,48.81,50.19,0.0,1.0,Other
AK-01,1,45.36,46.64,8.0,0.0,
AK-01,2,48.72,49.68,0.0,1.6,Other
ME-01,1,61.15,33.85,5.0,0.0,
ME-01,2,63.25,35.75,0.0,1.0,Other
ME-02,1,50.53,44.47,5.0,0.0,
ME-02,2,52.63,46.37,0.0,1.0,Other
