race_code,round,dem,rep,other,exhausted,eliminated
AK-GOV,1,41.0,51.0,8.0,0.0,
AK-GOV,2,44.36,54.04,0.0,1.6,Other
AK-SEN,1,44.05,47.95,8.0,0.0,
AK-SEN,2,47.41,50.99,0.0,1.6,Other
ME-SEN,1,47.26,47.74,5.0,0.0,
ME-SEN,2,49.36,49.64,0.0,1.0,Other
AK-01,1,41.22,50.78,8.0,0.0,
AK-01,2,44.82,53.58,0.0,1.6,Other
ME-01,1,61.38,33.62,5.0,0.0,
ME-01,2,63.48,35.52,0.0,1.0,Other
ME-02,1,44.04,50.96,5.0,0.0,
ME-02,2,46.14,52.86,0.0,1.0,Other
