race_code,round,dem,rep,other,exhausted,eliminated
AK-GOV,1,43.52,48.48,8.0,0.0,
AK-GOV,2,46.88,51.52,0.0,1.6,Other
AK-SEN,1,44.24,47.76,8.0,0.0,
AK-SEN,2,47.6,50.8,0.0,1.6,Other
ME-SEN,1,46.43,48.57,5.0,0.0,
ME-SEN,2,48.53,50.47,0.0,1.0,Other
AK-01,1,44.49,47.51,8.0,0.0,
AK-01,2,47.85,50.55,0.0,1.6,Other
ME-01,1,59.98,35.02,5.0,0.0,
ME-01,2,62.08,36.92,0.0,1.0,Other
ME-02,1,48.62,46.38,5.0,0.0,
ME-02,2,50.72,48.28,0.0,1.0,Other
