race_code,round,dem,rep,other,exhausted,eliminated
AK-GOV,1,43.33,48.67,8.0,0.0,
AK-GOV,2,46.69,51.71,0.0,1.6,Other
AK-SEN,1,45.33,46.67,8.0,0.0,
AK-SEN,2,48.69,49.71,0.0,1.6,Other
ME-SEN,1,47.67,47.33,5.0,0.0,
ME-SEN,2,49.77,49.23,0.0,1.0,Other
AK-01,1,44.92,47.08,8.0,0.0,
AK-01,2,48.28,50.12,0.0,1.6,Other
ME-01,1,61.35,33.65,5.0,0.0,
ME-01,2,63.45,35.55,0.0,1.0,Other
ME-02,1,49.73,45.27,5.0,0.0,
ME-02,2,51.83,47.17,0.0,1.0,Other
