race_code,round,dem,rep,other,exhausted,eliminated
AK-GOV,1,43.33,48.67,8.0,0.0,
AK-GOV,2,46.69,51.71,0.0,1.6,Other
AK-SEN,1,45.34,46.66,8.0,0.0,
AK-SEN,2,48.7,49.7,0.0,1.6,Other
ME-SEN,1,47.67,47.33,5.0,0.0,
ME-SEN,2,49.77,49.23,0.0,1.0,Other
AK-01,1,44.95,47.05,8.0,0.0,
AK-01,2,48.31,50.09,0.0,1.6,Other
ME-01,1,61.34,33.66,5.0,0.0,
ME-01,2,63.44,35.56,0.0,1.0,Other
ME-02,1,49.71,45.29,5.0,0.0,
ME-02,2,51.81,47.19,0.0,1.0,Other
