race_code,round,dem,rep,other,exhausted,eliminated
AK-GOV,1,41.96,50.04,8.0,0.0,
AK-GOV,2,45.32,53.08,0.0,1.6,Other
AK-SEN,1,45.52,46.48,8.0,0.0,
AK-SEN,2,48.88,49.52,0.0,1.6,Other
ME-SEN,1,48.34,46.66,5.0,0.0,
ME-SEN,2,50.44,48.56,0.0,1.0,Other
AK-01,1,42.55,49.45,8.0,0.0,
AK-01,2,46.15,52.25,0.0,1.6,Other
ME-01,1,62.03,32.97,5.0,0.0,
ME-01,2,64.13,34.87,0.0,1.0,Other
ME-02,1,46.36,48.64,5.0,0.0,
ME-02,2,48.46,50.54,0.0,1.0,Other
