race_code,round,dem,rep,other,exhausted,eliminated
AK-GOV,1,43.53,48.47,8.0,0.0,
AK-GOV,2,46.89,51.51,0.0,1.6,Other
AK-SEN,1,45.57,46.43,8.0,0.0,
AK-SEN,2,48.93,49.47,0.0,1.6,Other
ME-SEN,1,47.65,47.35,5.0,0.0,
ME-SEN,2,49.75,49.25,0.0,1.0,Other
AK-01,1,44.37,47.63,8.0,0.0,
AK-01,2,47.73,50.67,0.0,1.6,Other
ME-01,1,61.49,33.51,5.0,0.0,
ME-01,2,63.59,35.41,0.0,1.0,Other
ME-02,1,49.83,45.17,5.0,0.0,
ME-02,2,51.93,47.07,0.0,1.0,Other
