race_code,round,dem,rep,other,exhausted,eliminated
AK-GOV,1,41.21,50.79,8.0,0.0,
AK-GOV,2,44.57,53.83,0.0,1.6,Other
AK-SEN,1,44.81,47.19,8.0,0.0,
AK-SEN,2,48.17,50.23,0.0,1.6,Other
ME-SEN,1,47.62,47.38,5.0,0.0,
ME-SEN,2,49.72,49.28,0.0,1.0,Other
AK-01,1,41.61,50.39,8.0,0.0,
AK-01,2,45.21,53.19,0.0,1.6,Other
ME-01,1,60.98,34.02,5.0,0.0,
ME-01,2,63.08,35.92,0.0,1.0,Other
ME-02,1,45.4,49.6,5.0,0.0,
ME-02,2,47.5,51.5,0.0,1.0,Other
