race_code,round,dem,rep,other,exhausted,eliminated
AK-GOV,1,41.2,50.8,8.0,0.0,
AK-GOV,2,44.56,53.84,0.0,1.6,Other
AK-SEN,1,44.81,47.19,8.0,0.0,
AK-SEN,2,48.17,50.23,0.0,1.6,Other
ME-SEN,1,47.69,47.31,5.0,0.0,
ME-SEN,2,49.79,49.21,0.0,1.0,Other
AK-01,1,41.57,50.43,8.0,0.0,
AK-01,2,45.17,53.23,0.0,1.6,Other
ME-01,1,61.74,33.26,5.0,0.0,
ME-01,2,63.84,35.16,0.0,1.0,Other
ME-02,1,45.01,49.99,5.0,0.0,
ME-02,2,47.11,51.89,0.0,1.0,Other
