race_code,round,dem,rep,other,exhausted,eliminated
AK-GOV,1,41.7,50.3,8.0,0.0,
AK-GOV,2,45.06,53.34,0.0,1.6,Other
AK-SEN,1,44.18,47.82,8.0,0.0,
AK-SEN,2,47.54,50.86,0.0,1.6,Other
ME-SEN,1,46.94,48.06,5.0,0.0,
ME-SEN,2,49.04,49.96,0.0,1.0,Other
AK-01,1,45.69,46.31,8.0,0.0,
AK-01,2,49.05,49.35,0.0,1.6,Other
ME-01,1,61.34,33.66,5.0,0.0,
ME-01,2,63.44,35.56,0.0,1.0,Other
ME-02,1,50.72,44.28,5.0,0.0,
ME-02,2,52.82,46.18,0.0,1.0,Other
