race_code,round,dem,rep,other,exhausted,eliminated
AK-GOV,1,43.53,48.47,8.0,0.0,
AK-GOV,2,46.89,51.51,0.0,1.6,Other
AK-SEN,1,44.28,47.72,8.0,0.0,
AK-SEN,2,47.64,50.76,0.0,1.6,Other
ME-SEN,1,46.42,48.58,5.0,0.0,
ME-SEN,2,48.52,50.48,0.0,1.0,Other
AK-01,1,44.55,47.45,8.0,0.0,
AK-01,2,47.91,50.49,0.0,1.6,Other
ME-01,1,59.97,35.03,5.0,0.0,
ME-01,2,62.07,36.93,0.0,1.0,Other
ME-02,1,48.62,46.38,5.0,0.0,
ME-02,2,50.72,48.28,0.0,1.0,Other
