race_code,round,dem,rep,other,exhausted,eliminated
AK-GOV,1,41.02,50.98,8.0,0.0,
AK-GOV,2,44.38,54.02,0.0,1.6,Other
AK-SEN,1,44.06,47.94,8.0,0.0,
AK-SEN,2,47.42,50.98,0.0,1.6,Other
ME-SEN,1,47.12,47.88,5.0,0.0,
ME-SEN,2,49.22,49.78,0.0,1.0,Other
AK-01,1,41.34,50.66,8.0,0.0,
AK-01,2,44.94,53.46,0.0,1.6,Other
ME-01,1,60.64,34.36,5.0,0.0,
ME-01,2,62.74,36.26,0.0,1.0,Other
ME-02,1,45.11,49.89,5.0,0.0,
ME-02,2,47.21,51.79,0.0,1.0,Other
