race_code,round,dem,rep,other,exhausted,eliminated
AK-GOV,1,43.53,48.47,8.0,0.0,
AK-GOV,2,46.89,51.51,0.0,1.6,Other
AK-SEN,1,44.2,47.8,8.0,0.0,
AK-SEN,2,47.56,50.84,0.0,1.6,Other
ME-SEN,1,46.42,48.58,5.0,0.0,
ME-SEN,2,48.52,50.48,0.0,1.0,Other
AK-01,1,44.42,47.58,8.0,0.0,
AK-01,2,47.78,50.62,0.0,1.6,Other
ME-01,1,59.98,35.02,5.0,0.0,
ME-01,2,62.08,36.92,0.0,1.0,Other
ME-02,1,48.63,46.37,5.0,0.0,
ME-02,2,50.73,48.27,0.0,1.0,Other
