race_code,round,dem,rep,other,exhausted,eliminated
AK-GOV,1,41.01,50.99,8.0,0.0,
AK-GOV,2,44.37,54.03,0.0,1.6,Other
AK-SEN,1,44.05,47.95,8.0,0.0,
AK-SEN,2,47.41,50.99,0.0,1.6,Other
ME-SEN,1,47.19,47.81,5.0,0.0,
ME-SEN,2,49.29,49.71,0.0,1.0,Other
AK-01,1,41.22,50.78,8.0,0.0,
AK-01,2,44.82,53.58,0.0,1.6,Other
ME-01,1,61.39,33.61,5.0,0.0,
ME-01,2,63.49,35.51,0.0,1.0,Other
ME-02,1,44.72,50.28,5.0,0.0,
ME-02,2,46.82,52.18,0.0,1.0,Other
