race_code,round,dem,rep,other,exhausted,eliminated
AK-GOV,1,44.32,47.68,8.0,0.0,
AK-GOV,2,47.68,50.72,0.0,1.6,Other
AK-SEN,1,45.12,46.88,8.0,0.0,
AK-SEN,2,48.48,49.92,0.0,1.6,Other
ME-SEN,1,47.29,47.71,5.0,0.0,
ME-SEN,2,49.39,49.61,0.0,1.0,Other
AK-01,1,45.56,46.44,8.0,0.0,
AK-01,2,48.92,49.48,0.0,1.6,Other
ME-01,1,61.26,33.74,5.0,0.0,
ME-01,2,63.36,35.64,0.0,1.0,Other
ME-02,1,49.66,45.34,5.0,0.0,
ME-02,2,51.76,47.24,0.0,1.0,Other
