race_code,round,dem,rep,other,exhausted,eliminated
AK-GOV,1,43.66,48.34,8.0,0.0,
AK-GOV,2,47.02,51.38,0.0,1.6,Other
AK-SEN,1,44.89,47.11,8.0,0.0,
AK-SEN,2,48.25,50.15,0.0,1.6,Other
ME-SEN,1,46.84,48.16,5.0,0.0,
ME-SEN,2,48.94,50.06,0.0,1.0,Other
AK-01,1,45.15,46.85,8.0,0.0,
AK-01,2,48.51,49.89,0.0,1.6,Other
ME-01,1,60.98,34.02,5.0,0.0,
ME-01,2,63.08,35.92,0.0,1.0,Other
ME-02,1,49.53,45.47,5.0,0.0,
ME-02,2,51.63,47.37,0.0,1.0,Other
