race_code,round,dem,rep,other,exhausted,eliminated
AK-GOV,1,40.89,51.11,8.0,0.0,
AK-GOV,2,44.25,54.15,0.0,1.6,Other
AK-SEN,1,43.96,48.04,8.0,0.0,
AK-SEN,2,47.32,51.08,0.0,1.6,Other
ME-SEN,1,46.46,48.54,5.0,0.0,
ME-SEN,2,48.56,50.44,0.0,1.0,Other
AK-01,1,41.2,50.8,8.0,0.0,
AK-01,2,44.8,53.6,0.0,1.6,Other
ME-01,1,60.34,34.66,5.0,0.0,
ME-01,2,62.44,36.56,0.0,1.0,Other
ME-02,1,44.65,50.35,5.0,0.0,
ME-02,2,46.75,52.25,0.0,1.0,Other
