race_code,round,dem,rep,other,exhausted,eliminated
AK-GOV,1,42.85,49.15,8.0,0.0,
AK-GOV,2,46.21,52.19,0.0,1.6,Other
AK-SEN,1,44.05,47.95,8.0,0.0,
AK-SEN,2,47.41,50.99,0.0,1.6,Other
ME-SEN,1,45.96,49.04,5.0,0.0,
ME-SEN,2,48.06,50.94,0.0,1.0,Other
AK-01,1,44.08,47.92,8.0,0.0,
AK-01,2,47.44,50.96,0.0,1.6,Other
ME-01,1,59.81,35.19,5.0,0.0,
ME-01,2,61.91,37.09,0.0,1.0,Other
ME-02,1,48.55,46.45,5.0,0.0,
ME-02,2,50.65,48.35,0.0,1.0,Other
