race_code,round,dem,rep,other,exhausted,eliminated
AK-GOV,1,41.95,50.05,8.0,0.0,
AK-GOV,2,45.31,53.09,0.0,1.6,Other
AK-SEN,1,45.56,46.44,8.0,0.0,
AK-SEN,2,48.92,49.48,0.0,1.6,Other
ME-SEN,1,48.4,46.6,5.0,0.0,
ME-SEN,2,50.5,48.5,0.0,1.0,Other
AK-01,1,42.55,49.45,8.0,0.0,
AK-01,2,46.15,52.25,0.0,1.6,Other
ME-01,1,62.72,32.28,5.0,0.0,
ME-01,2,64.82,34.18,0.0,1.0,Other
ME-02,1,45.93,49.07,5.0,0.0,
ME-02,2,48.03,50.97,0.0,1.0,Other
