race_code,round,dem,rep,other,exhausted,eliminated
AK-GOV,1,43.33,48.67,8.0,0.0,
AK-GOV,2,46.69,51.71,0.0,1.6,Other
AK-SEN,1,45.3,46.7,8.0,0.0,
AK-SEN,2,48.66,49.74,0.0,1.6,Other
ME-SEN,1,47.67,47.33,5.0,0.0,
ME-SEN,2,49.77,49.23,0.0,1.0,Other
AK-01,1,44.89,47.11,8.0,0.0,
AK-01,2,48.25,50.15,0.0,1.6,Other
ME-01,1,61.35,33.65,5.0,0.0,
ME-01,2,63.45,35.55,0.0,1.0,Other
ME-02,1,49.72,45.28,5.0,0.0,
ME-02,2,51.82,47.18,0.0,1.0,Other
