race_code,round,dem,rep,other,exhausted,eliminated
AK-GOV,1,42.42,49.58,8.0,0.0,
AK-GOV,2,45.78,52.62,0.0,1.6,Other
AK-SEN,1,45.17,46.83,8.0,0.0,
AK-SEN,2,48.53,49.87,0.0,1.6,Other
ME-SEN,1,47.88,47.12,5.0,0.0,
ME-SEN,2,49.98,49.02,0.0,1.0,Other
AK-01,1,46.88,45.12,8.0,0.0,
AK-01,2,50.24,48.16,0.0,1.6,Other
ME-01,1,62.4,32.6,5.0,0.0,
ME-01,2,64.5,34.5,0.0,1.0,Other
ME-02,1,51.78,43.22,5.0,0.0,
ME-02,2,53.88,45.12,0.0,1.0,Other
