race_code,round,dem,rep,other,exhausted,eliminated
AK-GOV,1,44.39,47.61,8.0,0.0,
AK-GOV,2,47.75,50.65,0.0,1.6,Other
AK-SEN,1,45.52,46.48,8.0,0.0,
AK-SEN,2,48.88,49.52,0.0,1.6,Other
ME-SEN,1,47.6,47.4,5.0,0.0,
ME-SEN,2,49.7,49.3,0.0,1.0,Other
AK-01,1,44.53,47.47,8.0,0.0,
AK-01,2,47.89,50.51,0.0,1.6,Other
ME-01,1,61.49,33.51,5.0,0.0,
ME-01,2,63.59,35.41,0.0,1.0,Other
ME-02,1,49.83,45.17,5.0,0.0,
ME-02,2,51.93,47.07,0.0,1.0,Other
