race_code,round,dem,rep,other,exhausted,eliminated
AK-GOV,1,41.14,50.86,8.0,0.0,
AK-GOV,2,44.5,53.9,0.0,1.6,Other
AK-SEN,1,44.4,47.6,8.0,0.0,
AK-SEN,2,47.76,50.64,0.0,1.6,Other
ME-SEN,1,47.51,47.49,5.0,0.0,
ME-SEN,2,49.61,49.39,0.0,1.0,Other
AK-01,1,41.42,50.58,8.0,0.0,
AK-01,2,45.02,53.38,0.0,1.6,Other
ME-01,1,60.89,34.11,5.0,0.0,
ME-01,2,62.99,36.01,0.0,1.0,Other
ME-02,1,45.33,49.67,5.0,0.0,
ME-02,2,47.43,51.57,0.0,1.0,Other
