race_code,round,dem,rep,other,exhausted,eliminated
AK-GOV,1,41.13,50.87,8.0,0.0,
AK-GOV,2,44.49,53.91,0.0,1.6,Other
AK-SEN,1,44.49,47.51,8.0,0.0,
AK-SEN,2,47.85,50.55,0.0,1.6,Other
ME-SEN,1,47.58,47.42,5.0,0.0,
ME-SEN,2,49.68,49.32,0.0,1.0,Other
AK-01,1,41.43,50.57,8.0,0.0,
AK-01,2,45.03,53.37,0.0,1.6,Other
ME-01,1,61.54,33.46,5.0,0.0,
ME-01,2,63.64,35.36,0.0,1.0,Other
ME-02,1,44.84,50.16,5.0,0.0,
ME-02,2,46.94,52.06,0.0,1.0,Other
