race_code,round,dem,rep,other,exhausted,eliminated
AK-GOV,1,41.64,50.36,8.0,0.0,
AK-GOV,2,45.0,53.4,0.0,1.6,Other
AK-SEN,1,44.08,47.92,8.0,0.0,
AK-SEN,2,47.44,50.96,0.0,1.6,Other
ME-SEN,1,46.87,48.13,5.0,0.0,
ME-SEN,2,48.97,50.03,0.0,1.0,Other
AK-01,1,45.52,46.48,8.0,0.0,
AK-01,2,48.88,49.52,0.0,1.6,Other
ME-01,1,61.23,33.77,5.0,0.0,
ME-01,2,63.33,35.67,0.0,1.0,Other
ME-02,1,50.61,44.39,5.0,0.0,
ME-02,2,52.71,46.29,0.0,1.0,Other
