race_code,round,dem,rep,other,exhausted,eliminated
AK-GOV,1,41.01,50.99,8.0,0.0,
AK-GOV,2,44.37,54.03,0.0,1.6,Other
AK-SEN,1,44.07,47.93,8.0,0.0,
AK-SEN,2,47.43,50.97,0.0,1.6,Other
ME-SEN,1,47.2,47.8,5.0,0.0,
ME-SEN,2,49.3,49.7,0.0,1.0,Other
AK-01,1,41.37,50.63,8.0,0.0,
AK-01,2,44.97,53.43,0.0,1.6,Other
ME-01,1,60.53,34.47,5.0,0.0,
ME-01,2,62.63,36.37,0.0,1.0,Other
ME-02,1,45.02,49.98,5.0,0.0,
ME-02,2,47.12,51.88,0.0,1.0,Other
