race_code,round,dem,rep,other,exhausted,eliminated
AK-GOV,1,41.0,51.0,8.0,0.0,
AK-GOV,2,44.36,54.04,0.0,1.6,Other
AK-SEN,1,44.14,47.86,8.0,0.0,
AK-SEN,2,47.5,50.9,0.0,1.6,Other
ME-SEN,1,47.27,47.73,5.0,0.0,
ME-SEN,2,49.37,49.63,0.0,1.0,Other
AK-01,1,41.36,50.64,8.0,0.0,
AK-01,2,44.96,53.44,0.0,1.6,Other
ME-01,1,61.45,33.55,5.0,0.0,
ME-01,2,63.55,35.45,0.0,1.0,Other
ME-02,1,44.77,50.23,5.0,0.0,
ME-02,2,46.87,52.13,0.0,1.0,Other
