race_code,round,dem,rep,other,exhausted,eliminated
AK-GOV,1,41.53,50.47,8.0,0.0,
AK-GOV,2,44.89,53.51,0.0,1.6,Other
AK-SEN,1,44.08,47.92,8.0,0.0,
AK-SEN,2,47.44,50.96,0.0,1.6,Other
ME-SEN,1,46.73,48.27,5.0,0.0,
ME-SEN,2,48.83,50.17,0.0,1.0,Other
AK-01,1,45.52,46.48,8.0,0.0,
AK-01,2,48.88,49.52,0.0,1.6,Other
ME-01,1,61.16,33.84,5.0,0.0,
ME-01,2,63.26,35.74,0.0,1.0,Other
ME-02,1,50.54,44.46,5.0,0.0,
ME-02,2,52.64,46.36,0.0,1.0,Other
