race_code,round,dem,rep,other,exhausted,eliminated
AK-GOV,1,43.51,48.49,8.0,0.0,
AK-GOV,2,46.87,51.53,0.0,1.6,Other
AK-SEN,1,44.18,47.82,8.0,0.0,
AK-SEN,2,47.54,50.86,0.0,1.6,Other
ME-SEN,1,46.4,48.6,5.0,0.0,
ME-SEN,2,48.5,50.5,0.0,1.0,Other
AK-01,1,44.43,47.57,8.0,0.0,
AK-01,2,47.79,50.61,0.0,1.6,Other
ME-01,1,60.01,34.99,5.0,0.0,
ME-01,2,62.11,36.89,0.0,1.0,Other
ME-02,1,48.64,46.36,5.0,0.0,
ME-02,2,50.74,48.26,0.0,1.0,Other
