race_code,round,dem,rep,other,exhausted,eliminated
AK-GOV,1,43.87,48.13,8.0,0.0,
AK-GOV,2,47.23,51.17,0.0,1.6,Other
AK-SEN,1,45.92,46.08,8.0,0.0,
AK-SEN,2,49.28,49.12,0.0,1.6,Other
ME-SEN,1,48.09,46.91,5.0,0.0,
ME-SEN,2,50.19,48.81,0.0,1.0,Other
AK-01,1,44.85,47.15,8.0,0.0,
AK-01,2,48.21,50.19,0.0,1.6,Other
ME-01,1,62.11,32.89,5.0,0.0,
ME-01,2,64.21,34.79,0.0,1.0,Other
ME-02,1,50.34,44.66,5.0,0.0,
ME-02,2,52.44,46.56,0.0,1.0,Other
