race_code,round,dem,rep,other,exhausted,eliminated
AK-GOV,1,41.65,50.35,8.0,0.0,
AK-GOV,2,45.01,53.39,0.0,1.6,Other
AK-SEN,1,45.26,46.74,8.0,0.0,
AK-SEN,2,48.62,49.78,0.0,1.6,Other
ME-SEN,1,48.07,46.93,5.0,0.0,
ME-SEN,2,50.17,48.83,0.0,1.0,Other
AK-01,1,42.13,49.87,8.0,0.0,
AK-01,2,45.73,52.67,0.0,1.6,Other
ME-01,1,62.38,32.62,5.0,0.0,
ME-01,2,64.48,34.52,0.0,1.0,Other
ME-02,1,45.64,49.36,5.0,0.0,
ME-02,2,47.74,51.26,0.0,1.0,Other
