race_code,round,dem,rep,other,exhausted,eliminated
AK-GOV,1,41.66,50.34,8.0,0.0,
AK-GOV,2,45.02,53.38,0.0,1.6,Other
AK-SEN,1,45.12,46.88,8.0,0.0,
AK-SEN,2,48.48,49.92,0.0,1.6,Other
ME-SEN,1,48.0,47.0,5.0,0.0,
ME-SEN,2,50.1,48.9,0.0,1.0,Other
AK-01,1,42.05,49.95,8.0,0.0,
AK-01,2,45.65,52.75,0.0,1.6,Other
ME-01,1,61.62,33.38,5.0,0.0,
ME-01,2,63.72,35.28,0.0,1.0,Other
ME-02,1,46.02,48.98,5.0,0.0,
ME-02,2,48.12,50.88,0.0,1.0,Other
