race_code,round,dem,rep,other,exhausted,eliminated
AK-GOV,1,40.97,51.03,8.0,0.0,
AK-GOV,2,44.33,54.07,0.0,1.6,Other
AK-SEN,1,44.02,47.98,8.0,0.0,
AK-SEN,2,47.38,51.02,0.0,1.6,Other
ME-SEN,1,47.2,47.8,5.0,0.0,
ME-SEN,2,49.3,49.7,0.0,1.0,Other
AK-01,1,41.2,50.8,8.0,0.0,
AK-01,2,44.8,53.6,0.0,1.6,Other
ME-01,1,60.62,34.38,5.0,0.0,
ME-01,2,62.72,36.28,0.0,1.0,Other
ME-02,1,45.1,49.9,5.0,0.0,
ME-02,2,47.2,51.8,0.0,1.0,Other
