race_code,round,dem,rep,other,exhausted,eliminated
AK-GOV,1,43.5,48.5,8.0,0.0,
AK-GOV,2,46.86,51.54,0.0,1.6,Other
AK-SEN,1,44.24,47.76,8.0,0.0,
AK-SEN,2,47.6,50.8,0.0,1.6,Other
ME-SEN,1,46.45,48.55,5.0,0.0,
ME-SEN,2,48.55,50.45,0.0,1.0,Other
AK-01,1,44.5,47.5,8.0,0.0,
AK-01,2,47.86,50.54,0.0,1.6,Other
ME-01,1,59.9,35.1,5.0,0.0,
ME-01,2,62.0,37.0,0.0,1.0,Other
ME-02,1,48.66,46.34,5.0,0.0,
ME-02,2,50.76,48.24,0.0,1.0,Other
