race_code,round,dem,rep,other,exhausted,eliminated
AK-GOV,1,40.97,51.03,8.0,0.0,
AK-GOV,2,44.33,54.07,0.0,1.6,Other
AK-SEN,1,44.06,47.94,8.0,0.0,
AK-SEN,2,47.42,50.98,0.0,1.6,Other
ME-SEN,1,47.27,47.73,5.0,0.0,
ME-SEN,2,49.37,49.63,0.0,1.0,Other
AK-01,1,41.34,50.66,8.0,0.0,
AK-01,2,44.94,53.46,0.0,1.6,Other
ME-01,1,61.42,33.58,5.0,0.0,
ME-01,2,63.52,35.48,0.0,1.0,Other
ME-02,1,44.74,50.26,5.0,0.0,
ME-02,2,46.84,52.16,0.0,1.0,Other
