race_code,round,dem,rep,other,exhausted,eliminated
AK-GOV,1,42.78,49.22,8.0,0.0,
AK-GOV,2,46.14,52.26,0.0,1.6,Other
AK-SEN,1,44.7,47.3,8.0,0.0,
AK-SEN,2,48.06,50.34,0.0,1.6,Other
ME-SEN,1,46.84,48.16,5.0,0.0,
ME-SEN,2,48.94,50.06,0.0,1.0,Other
AK-01,1,43.41,48.59,8.0,0.0,
AK-01,2,46.77,51.63,0.0,1.6,Other
ME-01,1,60.38,34.62,5.0,0.0,
ME-01,2,62.48,36.52,0.0,1.0,Other
ME-02,1,48.93,46.07,5.0,0.0,
ME-02,2,51.03,47.97,0.0,1.0,Other
