race_code,round,dem,rep,other,exhausted,eliminated
AK-GOV,1,43.55,48.45,8.0,0.0,
AK-GOV,2,46.91,51.49,0.0,1.6,Other
AK-SEN,1,45.61,46.39,8.0,0.0,
AK-SEN,2,48.97,49.43,0.0,1.6,Other
ME-SEN,1,47.67,47.33,5.0,0.0,
ME-SEN,2,49.77,49.23,0.0,1.0,Other
AK-01,1,44.41,47.59,8.0,0.0,
AK-01,2,47.77,50.63,0.0,1.6,Other
ME-01,1,61.5,33.5,5.0,0.0,
ME-01,2,63.6,35.4,0.0,1.0,Other
ME-02,1,49.85,45.15,5.0,0.0,
ME-02,2,51.95,47.05,0.0,1.0,Other
