race_code,round,dem,rep,other,exhausted,eliminated
AK-GOV,1,42.78,49.22,8.0,0.0,
AK-GOV,2,46.14,52.26,0.0,1.6,Other
AK-SEN,1,44.71,47.29,8.0,0.0,
AK-SEN,2,48.07,50.33,0.0,1.6,Other
ME-SEN,1,46.84,48.16,5.0,0.0,
ME-SEN,2,48.94,50.06,0.0,1.0,Other
AK-01,1,43.4,48.6,8.0,0.0,
AK-01,2,46.76,51.64,0.0,1.6,Other
ME-01,1,60.33,34.67,5.0,0.0,
ME-01,2,62.43,36.57,0.0,1.0,Other
ME-02,1,48.89,46.11,5.0,0.0,
ME-02,2,50.99,48.01,0.0,1.0,Other
