race_code,round,dem,rep,other,exhausted,eliminated
AK-GOV,1,41.72,50.28,8.0,0.0,
AK-GOV,2,45.08,53.32,0.0,1.6,Other
AK-SEN,1,44.26,47.74,8.0,0.0,
AK-SEN,2,47.62,50.78,0.0,1.6,Other
ME-SEN,1,46.97,48.03,5.0,0.0,
ME-SEN,2,49.07,49.93,0.0,1.0,Other
AK-01,1,45.71,46.29,8.0,0.0,
AK-01,2,49.07,49.33,0.0,1.6,Other
ME-01,1,61.37,33.63,5.0,0.0,
ME-01,2,63.47,35.53,0.0,1.0,Other
ME-02,1,50.75,44.25,5.0,0.0,
ME-02,2,52.85,46.15,0.0,1.0,Other
