race_code,round,dem,rep,other,exhausted,eliminated
AK-GOV,1,41.23,50.77,8.0,0.0,
AK-GOV,2,44.59,53.81,0.0,1.6,Other
AK-SEN,1,44.81,47.19,8.0,0.0,
AK-SEN,2,48.17,50.23,0.0,1.6,Other
ME-SEN,1,47.64,47.36,5.0,0.0,
ME-SEN,2,49.74,49.26,0.0,1.0,Other
AK-01,1,41.68,50.32,8.0,0.0,
AK-01,2,45.28,53.12,0.0,1.6,Other
ME-01,1,60.99,34.01,5.0,0.0,
ME-01,2,63.09,35.91,0.0,1.0,Other
ME-02,1,45.4,49.6,5.0,0.0,
ME-02,2,47.5,51.5,0.0,1.0,Other
