race_code,round,dem,rep,other,exhausted,eliminated
AK-GOV,1,41.22,50.78,8.0,0.0,
AK-GOV,2,44.58,53.82,0.0,1.6,Other
AK-SEN,1,44.9,47.1,8.0,0.0,
AK-SEN,2,48.26,50.14,0.0,1.6,Other
ME-SEN,1,47.71,47.29,5.0,0.0,
ME-SEN,2,49.81,49.19,0.0,1.0,Other
AK-01,1,41.74,50.26,8.0,0.0,
AK-01,2,45.34,53.06,0.0,1.6,Other
ME-01,1,61.77,33.23,5.0,0.0,
ME-01,2,63.87,35.13,0.0,1.0,Other
ME-02,1,45.03,49.97,5.0,0.0,
ME-02,2,47.13,51.87,0.0,1.0,Other
