race_code,round,dem,rep,other,exhausted,eliminated
AK-GOV,1,42.12,49.88,8.0,0.0,
AK-GOV,2,45.48,52.92,0.0,1.6,Other
AK-SEN,1,44.66,47.34,8.0,0.0,
AK-SEN,2,48.02,50.38,0.0,1.6,Other
ME-SEN,1,47.49,47.51,5.0,0.0,
ME-SEN,2,49.59,49.41,0.0,1.0,Other
AK-01,1,46.15,45.85,8.0,0.0,
AK-01,2,49.51,48.89,0.0,1.6,Other
ME-01,1,62.01,32.99,5.0,0.0,
ME-01,2,64.11,34.89,0.0,1.0,Other
ME-02,1,51.39,43.61,5.0,0.0,
ME-02,2,53.49,45.51,0.0,1.0,Other
