race_code,round,dem,rep,other,exhausted,eliminated
AK-GOV,1,43.86,48.14,8.0,0.0,
AK-GOV,2,47.22,51.18,0.0,1.6,Other
AK-SEN,1,45.9,46.1,8.0,0.0,
AK-SEN,2,49.26,49.14,0.0,1.6,Other
ME-SEN,1,48.21,46.79,5.0,0.0,
ME-SEN,2,50.31,48.69,0.0,1.0,Other
AK-01,1,45.58,46.42,8.0,0.0,
AK-01,2,48.94,49.46,0.0,1.6,Other
ME-01,1,62.13,32.87,5.0,0.0,
ME-01,2,64.23,34.77,0.0,1.0,Other
ME-02,1,50.35,44.65,5.0,0.0,
ME-02,2,52.45,46.55,0.0,1.0,Other
