race_code,round,dem,rep,other,exhausted,eliminated
AK-GOV,1,43.09,48.91,8.0,0.0,
AK-GOV,2,46.45,51.95,0.0,1.6,Other
AK-SEN,1,45.1,46.9,8.0,0.0,
AK-SEN,2,48.46,49.94,0.0,1.6,Other
ME-SEN,1,47.39,47.61,5.0,0.0,
ME-SEN,2,49.49,49.51,0.0,1.0,Other
AK-01,1,44.64,47.36,8.0,0.0,
AK-01,2,48.0,50.4,0.0,1.6,Other
ME-01,1,60.89,34.11,5.0,0.0,
ME-01,2,62.99,36.01,0.0,1.0,Other
ME-02,1,49.38,45.62,5.0,0.0,
ME-02,2,51.48,47.52,0.0,1.0,Other
