race_code,round,dem,rep,other,exhausted,eliminated
AK-GOV,1,41.65,50.35,8.0,0.0,
AK-GOV,2,45.01,53.39,0.0,1.6,Other
AK-SEN,1,45.14,46.86,8.0,0.0,
AK-SEN,2,48.5,49.9,0.0,1.6,Other
ME-SEN,1,48.05,46.95,5.0,0.0,
ME-SEN,2,50.15,48.85,0.0,1.0,Other
AK-01,1,42.03,49.97,8.0,0.0,
AK-01,2,45.63,52.77,0.0,1.6,Other
ME-01,1,61.56,33.44,5.0,0.0,
ME-01,2,63.66,35.34,0.0,1.0,Other
ME-02,1,45.97,49.03,5.0,0.0,
ME-02,2,48.07,50.93,0.0,1.0,Other
