race_code,round,dem,rep,other,exhausted,eliminated
AK-GOV,1,43.09,48.91,8.0,0.0,
AK-GOV,2,46.45,51.95,0.0,1.6,Other
AK-SEN,1,45.08,46.92,8.0,0.0,
AK-SEN,2,48.44,49.96,0.0,1.6,Other
ME-SEN,1,47.39,47.61,5.0,0.0,
ME-SEN,2,49.49,49.51,0.0,1.0,Other
AK-01,1,44.63,47.37,8.0,0.0,
AK-01,2,47.99,50.41,0.0,1.6,Other
ME-01,1,60.87,34.13,5.0,0.0,
ME-01,2,62.97,36.03,0.0,1.0,Other
ME-02,1,49.36,45.64,5.0,0.0,
ME-02,2,51.46,47.54,0.0,1.0,Other
