race_code,round,dem,rep,other,exhausted,eliminated
AK-GOV,1,42.82,49.18,8.0,0.0,
AK-GOV,2,46.18,52.22,0.0,1.6,Other
AK-SEN,1,43.92,48.08,8.0,0.0,
AK-SEN,2,47.28,51.12,0.0,1.6,Other
ME-SEN,1,45.96,49.04,5.0,0.0,
ME-SEN,2,48.06,50.94,0.0,1.0,Other
AK-01,1,44.03,47.97,8.0,0.0,
AK-01,2,47.39,51.01,0.0,1.6,Other
ME-01,1,59.65,35.35,5.0,0.0,
ME-01,2,61.75,37.25,0.0,1.0,Other
ME-02,1,48.42,46.58,5.0,0.0,
ME-02,2,50.52,48.48,0.0,1.0,Other
