race_code,round,dem,rep,other,exhausted,eliminated
AK-GOV,1,41.39,50.61,8.0,0.0,
AK-GOV,2,44.75,53.65,0.0,1.6,Other
AK-SEN,1,43.89,48.11,8.0,0.0,
AK-SEN,2,47.25,51.15,0.0,1.6,Other
ME-SEN,1,46.55,48.45,5.0,0.0,
ME-SEN,2,48.65,50.35,0.0,1.0,Other
AK-01,1,45.33,46.67,8.0,0.0,
AK-01,2,48.69,49.71,0.0,1.6,Other
ME-01,1,60.96,34.04,5.0,0.0,
ME-01,2,63.06,35.94,0.0,1.0,Other
ME-02,1,50.34,44.66,5.0,0.0,
ME-02,2,52.44,46.56,0.0,1.0,Other
