race_code,round,dem,rep,other,exhausted,eliminated
AK-GOV,1,44.4,47.6,8.0,0.0,
AK-GOV,2,47.76,50.64,0.0,1.6,Other
AK-SEN,1,45.45,46.55,8.0,0.0,
AK-SEN,2,48.81,49.59,0.0,1.6,Other
ME-SEN,1,47.61,47.39,5.0,0.0,
ME-SEN,2,49.71,49.29,0.0,1.0,Other
AK-01,1,44.48,47.52,8.0,0.0,
AK-01,2,47.84,50.56,0.0,1.6,Other
ME-01,1,61.51,33.49,5.0,0.0,
ME-01,2,63.61,35.39,0.0,1.0,Other
ME-02,1,49.85,45.15,5.0,0.0,
ME-02,2,51.95,47.05,0.0,1.0,Other
