race_code,round,dem,rep,other,exhausted,eliminated
AK-GOV,1,41.16,50.84,8.0,0.0,
AK-GOV,2,44.52,53.88,0.0,1.6,Other
AK-SEN,1,44.44,47.56,8.0,0.0,
AK-SEN,2,47.8,50.6,0.0,1.6,Other
ME-SEN,1,47.53,47.47,5.0,0.0,
ME-SEN,2,49.63,49.37,0.0,1.0,Other
AK-01,1,41.46,50.54,8.0,0.0,
AK-01,2,45.06,53.34,0.0,1.6,Other
ME-01,1,60.9,34.1,5.0,0.0,
ME-01,2,63.0,36.0,0.0,1.0,Other
ME-02,1,45.34,49.66,5.0,0.0,
ME-02,2,47.44,51.56,0.0,1.0,Other
