race_code,round,dem,rep,other,exhausted,eliminated
AK-GOV,1,43.33,48.67,8.0,0.0,
AK-GOV,2,46.69,51.71,0.0,1.6,Other
AK-SEN,1,45.37,46.63,8.0,0.0,
AK-SEN,2,48.73,49.67,0.0,1.6,Other
ME-SEN,1,47.62,47.38,5.0,0.0,
ME-SEN,2,49.72,49.28,0.0,1.0,Other
AK-01,1,44.94,47.06,8.0,0.0,
AK-01,2,48.3,50.1,0.0,1.6,Other
ME-01,1,61.33,33.67,5.0,0.0,
ME-01,2,63.43,35.57,0.0,1.0,Other
ME-02,1,49.71,45.29,5.0,0.0,
ME-02,2,51.81,47.19,0.0,1.0,Other
