race_code,round,dem,rep,other,exhausted,eliminated
AK-GOV,1,43.33,48.67,8.0,0.0,
AK-GOV,2,46.69,51.71,0.0,1.6,Other
AK-SEN,1,45.33,46.67,8.0,0.0,
AK-SEN,2,48.69,49.71,0.0,1.6,Other
ME-SEN,1,47.62,47.38,5.0,0.0,
ME-SEN,2,49.72,49.28,0.0,1.0,Other
AK-01,1,44.92,47.08,8.0,0.0,
AK-01,2,48.28,50.12,0.0,1.6,Other
ME-01,1,61.32,33.68,5.0,0.0,
ME-01,2,63.42,35.58,0.0,1.0,Other
ME-02,1,49.7,45.3,5.0,0.0,
ME-02,2,51.8,47.2,0.0,1.0,Other
