race_code,round,dem,rep,other,exhausted,eliminated
AK-GOV,1,41.96,50.04,8.0,0.0,
AK-GOV,2,45.32,53.08,0.0,1.6,Other
AK-SEN,1,45.59,46.41,8.0,0.0,
AK-SEN,2,48.95,49.45,0.0,1.6,Other
ME-SEN,1,48.27,46.73,5.0,0.0,
ME-SEN,2,50.37,48.63,0.0,1.0,Other
AK-01,1,42.57,49.43,8.0,0.0,
AK-01,2,46.17,52.23,0.0,1.6,Other
ME-01,1,62.74,32.26,5.0,0.0,
ME-01,2,64.84,34.16,0.0,1.0,Other
ME-02,1,45.94,49.06,5.0,0.0,
ME-02,2,48.04,50.96,0.0,1.0,Other
