race_code,round,dem,rep,other,exhausted,eliminated
AK-GOV,1,42.42,49.58,8.0,0.0,
AK-GOV,2,45.78,52.62,0.0,1.6,Other
AK-SEN,1,45.02,46.98,8.0,0.0,
AK-SEN,2,48.38,50.02,0.0,1.6,Other
ME-SEN,1,47.88,47.12,5.0,0.0,
ME-SEN,2,49.98,49.02,0.0,1.0,Other
AK-01,1,46.62,45.38,8.0,0.0,
AK-01,2,49.98,48.42,0.0,1.6,Other
ME-01,1,62.46,32.54,5.0,0.0,
ME-01,2,64.56,34.44,0.0,1.0,Other
ME-02,1,51.84,43.16,5.0,0.0,
ME-02,2,53.94,45.06,0.0,1.0,Other
