race_code,round,dem,rep,other,exhausted,eliminated
AK-GOV,1,44.11,47.89,8.0,0.0,
AK-GOV,2,47.47,50.93,0.0,1.6,Other
AK-SEN,1,46.22,45.78,8.0,0.0,
AK-SEN,2,49.58,48.82,0.0,1.6,Other
ME-SEN,1,48.47,46.53,5.0,0.0,
ME-SEN,2,50.57,48.43,0.0,1.0,Other
AK-01,1,45.87,46.13,8.0,0.0,
AK-01,2,49.23,49.17,0.0,1.6,Other
ME-01,1,62.6,32.4,5.0,0.0,
ME-01,2,64.7,34.3,0.0,1.0,Other
ME-02,1,50.71,44.29,5.0,0.0,
ME-02,2,52.81,46.19,0.0,1.0,Other
