race_code,round,dem,rep,other,exhausted,eliminated
AK-GOV,1,42.43,49.57,8.0,0.0,
AK-GOV,2,45.79,52.61,0.0,1.6,Other
AK-SEN,1,45.12,46.88,8.0,0.0,
AK-SEN,2,48.48,49.92,0.0,1.6,Other
ME-SEN,1,47.89,47.11,5.0,0.0,
ME-SEN,2,49.99,49.01,0.0,1.0,Other
AK-01,1,46.7,45.3,8.0,0.0,
AK-01,2,50.06,48.34,0.0,1.6,Other
ME-01,1,62.49,32.51,5.0,0.0,
ME-01,2,64.59,34.41,0.0,1.0,Other
ME-02,1,51.87,43.13,5.0,0.0,
ME-02,2,53.97,45.03,0.0,1.0,Other
