race_code,round,dem,rep,other,exhausted,eliminated
AK-GOV,1,43.34,48.66,8.0,0.0,
AK-GOV,2,46.7,51.7,0.0,1.6,Other
AK-SEN,1,45.39,46.61,8.0,0.0,
AK-SEN,2,48.75,49.65,0.0,1.6,Other
ME-SEN,1,47.65,47.35,5.0,0.0,
ME-SEN,2,49.75,49.25,0.0,1.0,Other
AK-01,1,44.97,47.03,8.0,0.0,
AK-01,2,48.33,50.07,0.0,1.6,Other
ME-01,1,61.31,33.69,5.0,0.0,
ME-01,2,63.41,35.59,0.0,1.0,Other
ME-02,1,49.7,45.3,5.0,0.0,
ME-02,2,51.8,47.2,0.0,1.0,Other
