race_code,round,dem,rep,other,exhausted,eliminated
AK-GOV,1,41.66,50.34,8.0,0.0,
AK-GOV,2,45.02,53.38,0.0,1.6,Other
AK-SEN,1,45.21,46.79,8.0,0.0,
AK-SEN,2,48.57,49.83,0.0,1.6,Other
ME-SEN,1,48.01,46.99,5.0,0.0,
ME-SEN,2,50.11,48.89,0.0,1.0,Other
AK-01,1,42.12,49.88,8.0,0.0,
AK-01,2,45.72,52.68,0.0,1.6,Other
ME-01,1,61.63,33.37,5.0,0.0,
ME-01,2,63.73,35.27,0.0,1.0,Other
ME-02,1,46.02,48.98,5.0,0.0,
ME-02,2,48.12,50.88,0.0,1.0,Other
