race_code,round,dem,rep,other,exhausted,eliminated
AK-GOV,1,42.13,49.87,8.0,0.0,
AK-GOV,2,45.49,52.91,0.0,1.6,Other
AK-SEN,1,44.71,47.29,8.0,0.0,
AK-SEN,2,48.07,50.33,0.0,1.6,Other
ME-SEN,1,47.5,47.5,5.0,0.0,
ME-SEN,2,49.6,49.4,0.0,1.0,Other
AK-01,1,46.2,45.8,8.0,0.0,
AK-01,2,49.56,48.84,0.0,1.6,Other
ME-01,1,61.98,33.02,5.0,0.0,
ME-01,2,64.08,34.92,0.0,1.0,Other
ME-02,1,51.36,43.64,5.0,0.0,
ME-02,2,53.46,45.54,0.0,1.0,Other
