race_code,round,dem,rep,other,exhausted,eliminated
AK-GOV,1,41.65,50.35,8.0,0.0,
AK-GOV,2,45.01,53.39,0.0,1.6,Other
AK-SEN,1,45.3,46.7,8.0,0.0,
AK-SEN,2,48.66,49.74,0.0,1.6,Other
ME-SEN,1,48.08,46.92,5.0,0.0,
ME-SEN,2,50.18,48.82,0.0,1.0,Other
AK-01,1,42.18,49.82,8.0,0.0,
AK-01,2,45.78,52.62,0.0,1.6,Other
ME-01,1,62.36,32.64,5.0,0.0,
ME-01,2,64.46,34.54,0.0,1.0,Other
ME-02,1,45.63,49.37,5.0,0.0,
ME-02,2,47.73,51.27,0.0,1.0,Other
