race_code,round,dem,rep,other,exhausted,eliminated
AK-GOV,1,44.37,47.63,8.0,0.0,
AK-GOV,2,47.73,50.67,0.0,1.6,Other
AK-SEN,1,45.48,46.52,8.0,0.0,
AK-SEN,2,48.84,49.56,0.0,1.6,Other
ME-SEN,1,47.6,47.4,5.0,0.0,
ME-SEN,2,49.7,49.3,0.0,1.0,Other
AK-01,1,44.42,47.58,8.0,0.0,
AK-01,2,47.78,50.62,0.0,1.6,Other
ME-01,1,61.44,33.56,5.0,0.0,
ME-01,2,63.54,35.46,0.0,1.0,Other
ME-02,1,49.8,45.2,5.0,0.0,
ME-02,2,51.9,47.1,0.0,1.0,Other
