race_code,round,dem,rep,other,exhausted,eliminated
AK-GOV,1,41.62,50.38,8.0,0.0,
AK-GOV,2,44.98,53.42,0.0,1.6,Other
AK-SEN,1,44.09,47.91,8.0,0.0,
AK-SEN,2,47.45,50.95,0.0,1.6,Other
ME-SEN,1,46.84,48.16,5.0,0.0,
ME-SEN,2,48.94,50.06,0.0,1.0,Other
AK-01,1,45.5,46.5,8.0,0.0,
AK-01,2,48.86,49.54,0.0,1.6,Other
ME-01,1,61.25,33.75,5.0,0.0,
ME-01,2,63.35,35.65,0.0,1.0,Other
ME-02,1,50.63,44.37,5.0,0.0,
ME-02,2,52.73,46.27,0.0,1.0,Other
