race_code,round,dem,rep,other,exhausted,eliminated
AK-GOV,1,40.93,51.07,8.0,0.0,
AK-GOV,2,44.29,54.11,0.0,1.6,Other
AK-SEN,1,43.93,48.07,8.0,0.0,
AK-SEN,2,47.29,51.11,0.0,1.6,Other
ME-SEN,1,46.5,48.5,5.0,0.0,
ME-SEN,2,48.6,50.4,0.0,1.0,Other
AK-01,1,41.15,50.85,8.0,0.0,
AK-01,2,44.75,53.65,0.0,1.6,Other
ME-01,1,60.36,34.64,5.0,0.0,
ME-01,2,62.46,36.54,0.0,1.0,Other
ME-02,1,44.67,50.33,5.0,0.0,
ME-02,2,46.77,52.23,0.0,1.0,Other
