race_code,round,dem,rep,other,exhausted,eliminated
AK-GOV,1,43.69,48.31,8.0,0.0,
AK-GOV,2,47.05,51.35,0.0,1.6,Other
AK-SEN,1,44.94,47.06,8.0,0.0,
AK-SEN,2,48.3,50.1,0.0,1.6,Other
ME-SEN,1,46.88,48.12,5.0,0.0,
ME-SEN,2,48.98,50.02,0.0,1.0,Other
AK-01,1,45.2,46.8,8.0,0.0,
AK-01,2,48.56,49.84,0.0,1.6,Other
ME-01,1,61.02,33.98,5.0,0.0,
ME-01,2,63.12,35.88,0.0,1.0,Other
ME-02,1,49.57,45.43,5.0,0.0,
ME-02,2,51.67,47.33,0.0,1.0,Other
