race_code,round,dem,rep,other,exhausted,eliminated
AK-GOV,1,40.93,51.07,8.0,0.0,
AK-GOV,2,44.29,54.11,0.0,1.6,Other
AK-SEN,1,44.04,47.96,8.0,0.0,
AK-SEN,2,47.4,51.0,0.0,1.6,Other
ME-SEN,1,46.58,48.42,5.0,0.0,
ME-SEN,2,48.68,50.32,0.0,1.0,Other
AK-01,1,41.13,50.87,8.0,0.0,
AK-01,2,44.73,53.67,0.0,1.6,Other
ME-01,1,61.13,33.87,5.0,0.0,
ME-01,2,63.23,35.77,0.0,1.0,Other
ME-02,1,44.29,50.71,5.0,0.0,
ME-02,2,46.39,52.61,0.0,1.0,Other
