race_code,round,dem,rep,other,exhausted,eliminated
AK-GOV,1,42.88,49.12,8.0,0.0,
AK-GOV,2,46.24,52.16,0.0,1.6,Other
AK-SEN,1,44.08,47.92,8.0,0.0,
AK-SEN,2,47.44,50.96,0.0,1.6,Other
ME-SEN,1,45.99,49.01,5.0,0.0,
ME-SEN,2,48.09,50.91,0.0,1.0,Other
AK-01,1,44.11,47.89,8.0,0.0,
AK-01,2,47.47,50.93,0.0,1.6,Other
ME-01,1,59.83,35.17,5.0,0.0,
ME-01,2,61.93,37.07,0.0,1.0,Other
ME-02,1,48.56,46.44,5.0,0.0,
ME-02,2,50.66,48.34,0.0,1.0,Other
