race_code,round,dem,rep,other,exhausted,eliminated
AK-GOV,1,43.82,48.18,8.0,0.0,
AK-GOV,2,47.18,51.22,0.0,1.6,Other
AK-SEN,1,45.95,46.05,8.0,0.0,
AK-SEN,2,49.31,49.09,0.0,1.6,Other
ME-SEN,1,48.0,47.0,5.0,0.0,
ME-SEN,2,50.1,48.9,0.0,1.0,Other
AK-01,1,44.85,47.15,8.0,0.0,
AK-01,2,48.21,50.19,0.0,1.6,Other
ME-01,1,62.04,32.96,5.0,0.0,
ME-01,2,64.14,34.86,0.0,1.0,Other
ME-02,1,49.88,45.12,5.0,0.0,
ME-02,2,51.98,47.02,0.0,1.0,Other
