race_code,round,dem,rep,other,exhausted,eliminated
AK-GOV,1,43.05,48.95,8.0,0.0,
AK-GOV,2,46.41,51.99,0.0,1.6,Other
AK-SEN,1,45.07,46.93,8.0,0.0,
AK-SEN,2,48.43,49.97,0.0,1.6,Other
ME-SEN,1,47.16,47.84,5.0,0.0,
ME-SEN,2,49.26,49.74,0.0,1.0,Other
AK-01,1,43.84,48.16,8.0,0.0,
AK-01,2,47.2,51.2,0.0,1.6,Other
ME-01,1,60.78,34.22,5.0,0.0,
ME-01,2,62.88,36.12,0.0,1.0,Other
ME-02,1,48.88,46.12,5.0,0.0,
ME-02,2,50.98,48.02,0.0,1.0,Other
