race_code,round,dem,rep,other,exhausted,eliminated
AK-GOV,1,41.6,50.4,8.0,0.0,
AK-GOV,2,44.96,53.44,0.0,1.6,Other
AK-SEN,1,45.23,46.77,8.0,0.0,
AK-SEN,2,48.59,49.81,0.0,1.6,Other
ME-SEN,1,48.07,46.93,5.0,0.0,
ME-SEN,2,50.17,48.83,0.0,1.0,Other
AK-01,1,42.11,49.89,8.0,0.0,
AK-01,2,45.71,52.69,0.0,1.6,Other
ME-01,1,62.31,32.69,5.0,0.0,
ME-01,2,64.41,34.59,0.0,1.0,Other
ME-02,1,45.27,49.73,5.0,0.0,
ME-02,2,47.37,51.63,0.0,1.0,Other
