race_code,round,dem,rep,other,exhausted,eliminated
AK-GOV,1,43.05,48.95,8.0,0.0,
AK-GOV,2,46.41,51.99,0.0,1.6,Other
AK-SEN,1,45.0,47.0,8.0,0.0,
AK-SEN,2,48.36,50.04,0.0,1.6,Other
ME-SEN,1,47.16,47.84,5.0,0.0,
ME-SEN,2,49.26,49.74,0.0,1.0,Other
AK-01,1,43.67,48.33,8.0,0.0,
AK-01,2,47.03,51.37,0.0,1.6,Other
ME-01,1,60.83,34.17,5.0,0.0,
ME-01,2,62.93,36.07,0.0,1.0,Other
ME-02,1,48.91,46.09,5.0,0.0,
ME-02,2,51.01,47.99,0.0,1.0,Other
