race_code,round,dem,rep,other,exhausted,eliminated
AK-GOV,1,41.61,50.39,8.0,0.0,
AK-GOV,2,44.97,53.43,0.0,1.6,Other
AK-SEN,1,45.15,46.85,8.0,0.0,
AK-SEN,2,48.51,49.89,0.0,1.6,Other
ME-SEN,1,48.0,47.0,5.0,0.0,
ME-SEN,2,50.1,48.9,0.0,1.0,Other
AK-01,1,42.09,49.91,8.0,0.0,
AK-01,2,45.69,52.71,0.0,1.6,Other
ME-01,1,61.55,33.45,5.0,0.0,
ME-01,2,63.65,35.35,0.0,1.0,Other
ME-02,1,45.66,49.34,5.0,0.0,
ME-02,2,47.76,51.24,0.0,1.0,Other
