race_code,round,dem,rep,other,exhausted,eliminated
AK-GOV,1,41.6,50.4,8.0,0.0,
AK-GOV,2,44.96,53.44,0.0,1.6,Other
AK-SEN,1,45.26,46.74,8.0,0.0,
AK-SEN,2,48.62,49.78,0.0,1.6,Other
ME-SEN,1,48.07,46.93,5.0,0.0,
ME-SEN,2,50.17,48.83,0.0,1.0,Other
AK-01,1,42.11,49.89,8.0,0.0,
AK-01,2,45.71,52.69,0.0,1.6,Other
ME-01,1,62.36,32.64,5.0,0.0,
ME-01,2,64.46,34.54,0.0,1.0,Other
ME-02,1,44.65,50.35,5.0,0.0,
ME-02,2,46.75,52.25,0.0,1.0,Other
