race_code,round,dem,rep,other,exhausted,eliminated
AK-GOV,1,42.07,49.93,8.0,0.0,
AK-GOV,2,45.43,52.97,0.0,1.6,Other
AK-SEN,1,44.65,47.35,8.0,0.0,
AK-SEN,2,48.01,50.39,0.0,1.6,Other
ME-SEN,1,47.42,47.58,5.0,0.0,
ME-SEN,2,49.52,49.48,0.0,1.0,Other
AK-01,1,46.22,45.78,8.0,0.0,
AK-01,2,49.58,48.82,0.0,1.6,Other
ME-01,1,61.92,33.08,5.0,0.0,
ME-01,2,64.02,34.98,0.0,1.0,Other
ME-02,1,51.3,43.7,5.0,0.0,
ME-02,2,53.4,45.6,0.0,1.0,Other
