race_code,round,dem,rep,other,exhausted,eliminated
AK-GOV,1,42.85,49.15,8.0,0.0,
AK-GOV,2,46.21,52.19,0.0,1.6,Other
AK-SEN,1,44.06,47.94,8.0,0.0,
AK-SEN,2,47.42,50.98,0.0,1.6,Other
ME-SEN,1,45.95,49.05,5.0,0.0,
ME-SEN,2,48.05,50.95,0.0,1.0,Other
AK-01,1,44.12,47.88,8.0,0.0,
AK-01,2,47.48,50.92,0.0,1.6,Other
ME-01,1,59.78,35.22,5.0,0.0,
ME-01,2,61.88,37.12,0.0,1.0,Other
ME-02,1,48.52,46.48,5.0,0.0,
ME-02,2,50.62,48.38,0.0,1.0,Other
