race_code,round,dem,rep,other,exhausted,eliminated
AK-GOV,1,40.89,51.11,8.0,0.0,
AK-GOV,2,44.25,54.15,0.0,1.6,Other
AK-SEN,1,43.92,48.08,8.0,0.0,
AK-SEN,2,47.28,51.12,0.0,1.6,Other
ME-SEN,1,46.53,48.47,5.0,0.0,
ME-SEN,2,48.63,50.37,0.0,1.0,Other
AK-01,1,41.14,50.86,8.0,0.0,
AK-01,2,44.74,53.66,0.0,1.6,Other
ME-01,1,61.11,33.89,5.0,0.0,
ME-01,2,63.21,35.79,0.0,1.0,Other
ME-02,1,44.28,50.72,5.0,0.0,
ME-02,2,46.38,52.62,0.0,1.0,Other
