race_code,round,dem,rep,other,exhausted,eliminated
AK-GOV,1,43.65,48.35,8.0,0.0,
AK-GOV,2,47.01,51.39,0.0,1.6,Other
AK-SEN,1,44.97,47.03,8.0,0.0,
AK-SEN,2,48.33,50.07,0.0,1.6,Other
ME-SEN,1,46.84,48.16,5.0,0.0,
ME-SEN,2,48.94,50.06,0.0,1.0,Other
AK-01,1,45.19,46.81,8.0,0.0,
AK-01,2,48.55,49.85,0.0,1.6,Other
ME-01,1,61.04,33.96,5.0,0.0,
ME-01,2,63.14,35.86,0.0,1.0,Other
ME-02,1,49.58,45.42,5.0,0.0,
ME-02,2,51.68,47.32,0.0,1.0,Other
