race_code,round,dem,rep,other,exhausted,eliminated
AK-GOV,1,44.08,47.92,8.0,0.0,
AK-GOV,2,47.44,50.96,0.0,1.6,Other
AK-SEN,1,46.18,45.82,8.0,0.0,
AK-SEN,2,49.54,48.86,0.0,1.6,Other
ME-SEN,1,48.43,46.57,5.0,0.0,
ME-SEN,2,50.53,48.47,0.0,1.0,Other
AK-01,1,45.94,46.06,8.0,0.0,
AK-01,2,49.3,49.1,0.0,1.6,Other
ME-01,1,62.57,32.43,5.0,0.0,
ME-01,2,64.67,34.33,0.0,1.0,Other
ME-02,1,50.69,44.31,5.0,0.0,
ME-02,2,52.79,46.21,0.0,1.0,Other
