race_code,round,dem,rep,other,exhausted,eliminated
AK-GOV,1,41.91,50.09,8.0,0.0,
AK-GOV,2,45.27,53.13,0.0,1.6,Other
AK-SEN,1,45.51,46.49,8.0,0.0,
AK-SEN,2,48.87,49.53,0.0,1.6,Other
ME-SEN,1,48.24,46.76,5.0,0.0,
ME-SEN,2,50.34,48.66,0.0,1.0,Other
AK-01,1,42.43,49.57,8.0,0.0,
AK-01,2,46.03,52.37,0.0,1.6,Other
ME-01,1,62.71,32.29,5.0,0.0,
ME-01,2,64.81,34.19,0.0,1.0,Other
ME-02,1,45.92,49.08,5.0,0.0,
ME-02,2,48.02,50.98,0.0,1.0,Other
