race_code,round,dem,rep,other,exhausted,eliminated
AK-GOV,1,42.4,49.6,8.0,0.0,
AK-GOV,2,45.76,52.64,0.0,1.6,Other
AK-SEN,1,45.11,46.89,8.0,0.0,
AK-SEN,2,48.47,49.93,0.0,1.6,Other
ME-SEN,1,47.85,47.15,5.0,0.0,
ME-SEN,2,49.95,49.05,0.0,1.0,Other
AK-01,1,46.71,45.29,8.0,0.0,
AK-01,2,50.07,48.33,0.0,1.6,Other
ME-01,1,62.42,32.58,5.0,0.0,
ME-01,2,64.52,34.48,0.0,1.0,Other
ME-02,1,51.8,43.2,5.0,0.0,
ME-02,2,53.9,45.1,0.0,1.0,Other
