race_code,round,dem,rep,other,exhausted,eliminated
AK-GOV,1,43.31,48.69,8.0,0.0,
AK-GOV,2,46.67,51.73,0.0,1.6,Other
AK-SEN,1,45.31,46.69,8.0,0.0,
AK-SEN,2,48.67,49.73,0.0,1.6,Other
ME-SEN,1,47.61,47.39,5.0,0.0,
ME-SEN,2,49.71,49.29,0.0,1.0,Other
AK-01,1,44.89,47.11,8.0,0.0,
AK-01,2,48.25,50.15,0.0,1.6,Other
ME-01,1,61.29,33.71,5.0,0.0,
ME-01,2,63.39,35.61,0.0,1.0,Other
ME-02,1,49.68,45.32,5.0,0.0,
ME-02,2,51.78,47.22,0.0,1.0,Other
