race_code,round,dem,rep,other,exhausted,eliminated
AK-GOV,1,43.31,48.69,8.0,0.0,
AK-GOV,2,46.67,51.73,0.0,1.6,Other
AK-SEN,1,45.32,46.68,8.0,0.0,
AK-SEN,2,48.68,49.72,0.0,1.6,Other
ME-SEN,1,47.61,47.39,5.0,0.0,
ME-SEN,2,49.71,49.29,0.0,1.0,Other
AK-01,1,44.87,47.13,8.0,0.0,
AK-01,2,48.23,50.17,0.0,1.6,Other
ME-01,1,61.23,33.77,5.0,0.0,
ME-01,2,63.33,35.67,0.0,1.0,Other
ME-02,1,49.63,45.37,5.0,0.0,
ME-02,2,51.73,47.27,0.0,1.0,Other
