race_code,round,dem,rep,other,exhausted,eliminated
AK-GOV,1,42.97,49.03,8.0,0.0,
AK-GOV,2,46.33,52.07,0.0,1.6,Other
AK-SEN,1,44.96,47.04,8.0,0.0,
AK-SEN,2,48.32,50.08,0.0,1.6,Other
ME-SEN,1,47.06,47.94,5.0,0.0,
ME-SEN,2,49.16,49.84,0.0,1.0,Other
AK-01,1,43.72,48.28,8.0,0.0,
AK-01,2,47.08,51.32,0.0,1.6,Other
ME-01,1,60.65,34.35,5.0,0.0,
ME-01,2,62.75,36.25,0.0,1.0,Other
ME-02,1,48.77,46.23,5.0,0.0,
ME-02,2,50.87,48.13,0.0,1.0,Other
