race_code,round,dem,rep,other,exhausted,eliminated
AK-GOV,1,42.97,49.03,8.0,0.0,
AK-GOV,2,46.33,52.07,0.0,1.6,Other
AK-SEN,1,44.89,47.11,8.0,0.0,
AK-SEN,2,48.25,50.15,0.0,1.6,Other
ME-SEN,1,47.06,47.94,5.0,0.0,
ME-SEN,2,49.16,49.84,0.0,1.0,Other
AK-01,1,43.6,48.4,8.0,0.0,
AK-01,2,46.96,51.44,0.0,1.6,Other
ME-01,1,60.59,34.41,5.0,0.0,
ME-01,2,62.69,36.31,0.0,1.0,Other
ME-02,1,48.72,46.28,5.0,0.0,
ME-02,2,50.82,48.18,0.0,1.0,Other
