race_code,round,dem,rep,other,exhausted,eliminated
AK-GOV,1,41.45,50.55,8.0,0.0,
AK-GOV,2,44.81,53.59,0.0,1.6,Other
AK-SEN,1,45.09,46.91,8.0,0.0,
AK-SEN,2,48.45,49.95,0.0,1.6,Other
ME-SEN,1,47.93,47.07,5.0,0.0,
ME-SEN,2,50.03,48.97,0.0,1.0,Other
AK-01,1,41.9,50.1,8.0,0.0,
AK-01,2,45.5,52.9,0.0,1.6,Other
ME-01,1,62.2,32.8,5.0,0.0,
ME-01,2,64.3,34.7,0.0,1.0,Other
ME-02,1,45.18,49.82,5.0,0.0,
ME-02,2,47.28,51.72,0.0,1.0,Other
