race_code,round,dem,rep,other,exhausted,eliminated
AK-GOV,1,42.83,49.17,8.0,0.0,
AK-GOV,2,46.19,52.21,0.0,1.6,Other
AK-SEN,1,43.91,48.09,8.0,0.0,
AK-SEN,2,47.27,51.13,0.0,1.6,Other
ME-SEN,1,45.96,49.04,5.0,0.0,
ME-SEN,2,48.06,50.94,0.0,1.0,Other
AK-01,1,43.96,48.04,8.0,0.0,
AK-01,2,47.32,51.08,0.0,1.6,Other
ME-01,1,59.77,35.23,5.0,0.0,
ME-01,2,61.87,37.13,0.0,1.0,Other
ME-02,1,48.51,46.49,5.0,0.0,
ME-02,2,50.61,48.39,0.0,1.0,Other
