race_code,round,dem,rep,other,exhausted,eliminated
AK-GOV,1,43.63,48.37,8.0,0.0,
AK-GOV,2,46.99,51.41,0.0,1.6,Other
AK-SEN,1,44.91,47.09,8.0,0.0,
AK-SEN,2,48.27,50.13,0.0,1.6,Other
ME-SEN,1,46.86,48.14,5.0,0.0,
ME-SEN,2,48.96,50.04,0.0,1.0,Other
AK-01,1,45.21,46.79,8.0,0.0,
AK-01,2,48.57,49.83,0.0,1.6,Other
ME-01,1,60.99,34.01,5.0,0.0,
ME-01,2,63.09,35.91,0.0,1.0,Other
ME-02,1,49.54,45.46,5.0,0.0,
ME-02,2,51.64,47.36,0.0,1.0,Other
