race_code,round,dem,rep,other,exhausted,eliminated
AK-GOV,1,41.4,50.6,8.0,0.0,
AK-GOV,2,44.76,53.64,0.0,1.6,Other
AK-SEN,1,43.93,48.07,8.0,0.0,
AK-SEN,2,47.29,51.11,0.0,1.6,Other
ME-SEN,1,46.56,48.44,5.0,0.0,
ME-SEN,2,48.66,50.34,0.0,1.0,Other
AK-01,1,45.38,46.62,8.0,0.0,
AK-01,2,48.74,49.66,0.0,1.6,Other
ME-01,1,60.95,34.05,5.0,0.0,
ME-01,2,63.05,35.95,0.0,1.0,Other
ME-02,1,50.33,44.67,5.0,0.0,
ME-02,2,52.43,46.57,0.0,1.0,Other
