race_code,round,dem,rep,other,exhausted,eliminated
AK-GOV,1,41.63,50.37,8.0,0.0,
AK-GOV,2,44.99,53.41,0.0,1.6,Other
AK-SEN,1,45.22,46.78,8.0,0.0,
AK-SEN,2,48.58,49.82,0.0,1.6,Other
ME-SEN,1,48.11,46.89,5.0,0.0,
ME-SEN,2,50.21,48.79,0.0,1.0,Other
AK-01,1,42.08,49.92,8.0,0.0,
AK-01,2,45.68,52.72,0.0,1.6,Other
ME-01,1,62.35,32.65,5.0,0.0,
ME-01,2,64.45,34.55,0.0,1.0,Other
ME-02,1,45.61,49.39,5.0,0.0,
ME-02,2,47.71,51.29,0.0,1.0,Other
