race_code,round,dem,rep,other,exhausted,eliminated
AK-GOV,1,43.09,48.91,8.0,0.0,
AK-GOV,2,46.45,51.95,0.0,1.6,Other
AK-SEN,1,45.01,46.99,8.0,0.0,
AK-SEN,2,48.37,50.03,0.0,1.6,Other
ME-SEN,1,47.38,47.62,5.0,0.0,
ME-SEN,2,49.48,49.52,0.0,1.0,Other
AK-01,1,43.72,48.28,8.0,0.0,
AK-01,2,47.08,51.32,0.0,1.6,Other
ME-01,1,60.84,34.16,5.0,0.0,
ME-01,2,62.94,36.06,0.0,1.0,Other
ME-02,1,49.34,45.66,5.0,0.0,
ME-02,2,51.44,47.56,0.0,1.0,Other
