race_code,round,dem,rep,other,exhausted,eliminated
AK-GOV,1,42.12,49.88,8.0,0.0,
AK-GOV,2,45.48,52.92,0.0,1.6,Other
AK-SEN,1,44.77,47.23,8.0,0.0,
AK-SEN,2,48.13,50.27,0.0,1.6,Other
ME-SEN,1,47.49,47.51,5.0,0.0,
ME-SEN,2,49.59,49.41,0.0,1.0,Other
AK-01,1,46.31,45.69,8.0,0.0,
AK-01,2,49.67,48.73,0.0,1.6,Other
ME-01,1,62.03,32.97,5.0,0.0,
ME-01,2,64.13,34.87,0.0,1.0,Other
ME-02,1,51.41,43.59,5.0,0.0,
ME-02,2,53.51,45.49,0.0,1.0,Other
