race_code,round,dem,rep,other,exhausted,eliminated
AK-GOV,1,43.05,48.95,8.0,0.0,
AK-GOV,2,46.41,51.99,0.0,1.6,Other
AK-SEN,1,45.0,47.0,8.0,0.0,
AK-SEN,2,48.36,50.04,0.0,1.6,Other
ME-SEN,1,47.16,47.84,5.0,0.0,
ME-SEN,2,49.26,49.74,0.0,1.0,Other
AK-01,1,43.77,48.23,8.0,0.0,
AK-01,2,47.13,51.27,0.0,1.6,Other
ME-01,1,60.8,34.2,5.0,0.0,
ME-01,2,62.9,36.1,0.0,1.0,Other
ME-02,1,48.89,46.11,5.0,0.0,
ME-02,2,50.99,48.01,0.0,1.0,Other
