race_code,round,dem,rep,other,exhausted,eliminated
AK-GOV,1,42.07,49.93,8.0,0.0,
AK-GOV,2,45.43,52.97,0.0,1.6,Other
AK-SEN,1,44.59,47.41,8.0,0.0,
AK-SEN,2,47.95,50.45,0.0,1.6,Other
ME-SEN,1,47.42,47.58,5.0,0.0,
ME-SEN,2,49.52,49.48,0.0,1.0,Other
AK-01,1,46.15,45.85,8.0,0.0,
AK-01,2,49.51,48.89,0.0,1.6,Other
ME-01,1,61.9,33.1,5.0,0.0,
ME-01,2,64.0,35.0,0.0,1.0,Other
ME-02,1,51.28,43.72,5.0,0.0,
ME-02,2,53.38,45.62,0.0,1.0,Other
