race_code,round,dem,rep,other,exhausted,eliminated
AK-GOV,1,43.82,48.18,8.0,0.0,
AK-GOV,2,47.18,51.22,0.0,1.6,Other
AK-SEN,1,45.87,46.13,8.0,0.0,
AK-SEN,2,49.23,49.17,0.0,1.6,Other
ME-SEN,1,48.0,47.0,5.0,0.0,
ME-SEN,2,50.1,48.9,0.0,1.0,Other
AK-01,1,44.78,47.22,8.0,0.0,
AK-01,2,48.14,50.26,0.0,1.6,Other
ME-01,1,62.05,32.95,5.0,0.0,
ME-01,2,64.15,34.85,0.0,1.0,Other
ME-02,1,49.89,45.11,5.0,0.0,
ME-02,2,51.99,47.01,0.0,1.0,Other
