race_code,round,dem,rep,other,exhausted,eliminated
AK-GOV,1,41.6,50.4,8.0,0.0,
AK-GOV,2,44.96,53.44,0.0,1.6,Other
AK-SEN,1,45.18,46.82,8.0,0.0,
AK-SEN,2,48.54,49.86,0.0,1.6,Other
ME-SEN,1,48.07,46.93,5.0,0.0,
ME-SEN,2,50.17,48.83,0.0,1.0,Other
AK-01,1,42.01,49.99,8.0,0.0,
AK-01,2,45.61,52.79,0.0,1.6,Other
ME-01,1,62.32,32.68,5.0,0.0,
ME-01,2,64.42,34.58,0.0,1.0,Other
ME-02,1,45.28,49.72,5.0,0.0,
ME-02,2,47.38,51.62,0.0,1.0,Other
