race_code,round,dem,rep,other,exhausted,eliminated
AK-GOV,1,43.05,48.95,8.0,0.0,
AK-GOV,2,46.41,51.99,0.0,1.6,Other
AK-SEN,1,45.05,46.95,8.0,0.0,
AK-SEN,2,48.41,49.99,0.0,1.6,Other
ME-SEN,1,47.16,47.84,5.0,0.0,
ME-SEN,2,49.26,49.74,0.0,1.0,Other
AK-01,1,43.74,48.26,8.0,0.0,
AK-01,2,47.1,51.3,0.0,1.6,Other
ME-01,1,60.77,34.23,5.0,0.0,
ME-01,2,62.87,36.13,0.0,1.0,Other
ME-02,1,48.87,46.13,5.0,0.0,
ME-02,2,50.97,48.03,0.0,1.0,Other
