race_code,round,dem,rep,other,exhausted,eliminated
AK-GOV,1,40.92,51.08,8.0,0.0,
AK-GOV,2,44.28,54.12,0.0,1.6,Other
AK-SEN,1,43.87,48.13,8.0,0.0,
AK-SEN,2,47.23,51.17,0.0,1.6,Other
ME-SEN,1,46.43,48.57,5.0,0.0,
ME-SEN,2,48.53,50.47,0.0,1.0,Other
AK-01,1,41.12,50.88,8.0,0.0,
AK-01,2,44.72,53.68,0.0,1.6,Other
ME-01,1,60.32,34.68,5.0,0.0,
ME-01,2,62.42,36.58,0.0,1.0,Other
ME-02,1,44.63,50.37,5.0,0.0,
ME-02,2,46.73,52.27,0.0,1.0,Other
