race_code,round,dem,rep,other,exhausted,eliminated
AK-GOV,1,42.87,49.13,8.0,0.0,
AK-GOV,2,46.23,52.17,0.0,1.6,Other
AK-SEN,1,44.05,47.95,8.0,0.0,
AK-SEN,2,47.41,50.99,0.0,1.6,Other
ME-SEN,1,46.02,48.98,5.0,0.0,
ME-SEN,2,48.12,50.88,0.0,1.0,Other
AK-01,1,44.1,47.9,8.0,0.0,
AK-01,2,47.46,50.94,0.0,1.6,Other
ME-01,1,59.77,35.23,5.0,0.0,
ME-01,2,61.87,37.13,0.0,1.0,Other
ME-02,1,48.52,46.48,5.0,0.0,
ME-02,2,50.62,48.38,0.0,1.0,Other
