race_code,round,dem,rep,other,exhausted,eliminated
AK-GOV,1,41.46,50.54,8.0,0.0,
AK-GOV,2,44.82,53.58,0.0,1.6,Other
AK-SEN,1,43.94,48.06,8.0,0.0,
AK-SEN,2,47.3,51.1,0.0,1.6,Other
ME-SEN,1,46.64,48.36,5.0,0.0,
ME-SEN,2,48.74,50.26,0.0,1.0,Other
AK-01,1,45.38,46.62,8.0,0.0,
AK-01,2,48.74,49.66,0.0,1.6,Other
ME-01,1,61.05,33.95,5.0,0.0,
ME-01,2,63.15,35.85,0.0,1.0,Other
ME-02,1,50.43,44.57,5.0,0.0,
ME-02,2,52.53,46.47,0.0,1.0,Other
