race_code,round,dem,rep,other,exhausted,eliminated
AK-GOV,1,41.17,50.83,8.0,0.0,
AK-GOV,2,44.53,53.87,0.0,1.6,Other
AK-SEN,1,44.46,47.54,8.0,0.0,
AK-SEN,2,47.82,50.58,0.0,1.6,Other
ME-SEN,1,47.58,47.42,5.0,0.0,
ME-SEN,2,49.68,49.32,0.0,1.0,Other
AK-01,1,41.45,50.55,8.0,0.0,
AK-01,2,45.05,53.35,0.0,1.6,Other
ME-01,1,60.95,34.05,5.0,0.0,
ME-01,2,63.05,35.95,0.0,1.0,Other
ME-02,1,45.37,49.63,5.0,0.0,
ME-02,2,47.47,51.53,0.0,1.0,Other
