race_code,round,dem,rep,other,exhausted,eliminated
AK-GOV,1,41.16,50.84,8.0,0.0,
AK-GOV,2,44.52,53.88,0.0,1.6,Other
AK-SEN,1,44.54,47.46,8.0,0.0,
AK-SEN,2,47.9,50.5,0.0,1.6,Other
ME-SEN,1,47.66,47.34,5.0,0.0,
ME-SEN,2,49.76,49.24,0.0,1.0,Other
AK-01,1,41.52,50.48,8.0,0.0,
AK-01,2,45.12,53.28,0.0,1.6,Other
ME-01,1,61.69,33.31,5.0,0.0,
ME-01,2,63.79,35.21,0.0,1.0,Other
ME-02,1,44.97,50.03,5.0,0.0,
ME-02,2,47.07,51.93,0.0,1.0,Other
