race_code,round,dem,rep,other,exhausted,eliminated
AK-GOV,1,44.39,47.61,8.0,0.0,
AK-GOV,2,47.75,50.65,0.0,1.6,Other
AK-SEN,1,45.56,46.44,8.0,0.0,
AK-SEN,2,48.92,49.48,0.0,1.6,Other
ME-SEN,1,47.6,47.4,5.0,0.0,
ME-SEN,2,49.7,49.3,0.0,1.0,Other
AK-01,1,44.55,47.45,8.0,0.0,
AK-01,2,47.91,50.49,0.0,1.6,Other
ME-01,1,61.45,33.55,5.0,0.0,
ME-01,2,63.55,35.45,0.0,1.0,Other
ME-02,1,49.8,45.2,5.0,0.0,
ME-02,2,51.9,47.1,0.0,1.0,Other
