race_code,round,dem,rep,other,exhausted,eliminated
AK-GOV,1,43.6,48.4,8.0,0.0,
AK-GOV,2,46.96,51.44,0.0,1.6,Other
AK-SEN,1,44.6,47.4,8.0,0.0,
AK-SEN,2,47.96,50.44,0.0,1.6,Other
ME-SEN,1,46.76,48.24,5.0,0.0,
ME-SEN,2,48.86,50.14,0.0,1.0,Other
AK-01,1,43.45,48.55,8.0,0.0,
AK-01,2,46.81,51.59,0.0,1.6,Other
ME-01,1,60.19,34.81,5.0,0.0,
ME-01,2,62.29,36.71,0.0,1.0,Other
ME-02,1,48.79,46.21,5.0,0.0,
ME-02,2,50.89,48.11,0.0,1.0,Other
