race_code,round,dem,rep,other,exhausted,eliminated
AK-GOV,1,43.6,48.4,8.0,0.0,
AK-GOV,2,46.96,51.44,0.0,1.6,Other
AK-SEN,1,44.58,47.42,8.0,0.0,
AK-SEN,2,47.94,50.46,0.0,1.6,Other
ME-SEN,1,46.76,48.24,5.0,0.0,
ME-SEN,2,48.86,50.14,0.0,1.0,Other
AK-01,1,43.37,48.63,8.0,0.0,
AK-01,2,46.73,51.67,0.0,1.6,Other
ME-01,1,60.13,34.87,5.0,0.0,
ME-01,2,62.23,36.77,0.0,1.0,Other
ME-02,1,48.74,46.26,5.0,0.0,
ME-02,2,50.84,48.16,0.0,1.0,Other
