race_code,round,dem,rep,other,exhausted,eliminated
AK-GOV,1,41.15,50.85,8.0,0.0,
AK-GOV,2,44.51,53.89,0.0,1.6,Other
AK-SEN,1,44.47,47.53,8.0,0.0,
AK-SEN,2,47.83,50.57,0.0,1.6,Other
ME-SEN,1,47.52,47.48,5.0,0.0,
ME-SEN,2,49.62,49.38,0.0,1.0,Other
AK-01,1,41.48,50.52,8.0,0.0,
AK-01,2,45.08,53.32,0.0,1.6,Other
ME-01,1,60.84,34.16,5.0,0.0,
ME-01,2,62.94,36.06,0.0,1.0,Other
ME-02,1,45.28,49.72,5.0,0.0,
ME-02,2,47.38,51.62,0.0,1.0,Other
