race_code,round,dem,rep,other,exhausted,eliminated
AK-GOV,1,41.65,50.35,8.0,0.0,
AK-GOV,2,45.01,53.39,0.0,1.6,Other
AK-SEN,1,44.09,47.91,8.0,0.0,
AK-SEN,2,47.45,50.95,0.0,1.6,Other
ME-SEN,1,46.89,48.11,5.0,0.0,
ME-SEN,2,48.99,50.01,0.0,1.0,Other
AK-01,1,45.61,46.39,8.0,0.0,
AK-01,2,48.97,49.43,0.0,1.6,Other
ME-01,1,61.33,33.67,5.0,0.0,
ME-01,2,63.43,35.57,0.0,1.0,Other
ME-02,1,50.71,44.29,5.0,0.0,
ME-02,2,52.81,46.19,0.0,1.0,Other
