race_code,round,dem,rep,other,exhausted,eliminated
AK-GOV,1,43.61,48.39,8.0,0.0,
AK-GOV,2,46.97,51.43,0.0,1.6,Other
AK-SEN,1,44.63,47.37,8.0,0.0,
AK-SEN,2,47.99,50.41,0.0,1.6,Other
ME-SEN,1,46.76,48.24,5.0,0.0,
ME-SEN,2,48.86,50.14,0.0,1.0,Other
AK-01,1,43.51,48.49,8.0,0.0,
AK-01,2,46.87,51.53,0.0,1.6,Other
ME-01,1,60.21,34.79,5.0,0.0,
ME-01,2,62.31,36.69,0.0,1.0,Other
ME-02,1,48.8,46.2,5.0,0.0,
ME-02,2,50.9,48.1,0.0,1.0,Other
