race_code,round,dem,rep,other,exhausted,eliminated
AK-GOV,1,44.39,47.61,8.0,0.0,
AK-GOV,2,47.75,50.65,0.0,1.6,Other
AK-SEN,1,45.53,46.47,8.0,0.0,
AK-SEN,2,48.89,49.51,0.0,1.6,Other
ME-SEN,1,47.6,47.4,5.0,0.0,
ME-SEN,2,49.7,49.3,0.0,1.0,Other
AK-01,1,44.51,47.49,8.0,0.0,
AK-01,2,47.87,50.53,0.0,1.6,Other
ME-01,1,61.43,33.57,5.0,0.0,
ME-01,2,63.53,35.47,0.0,1.0,Other
ME-02,1,49.79,45.21,5.0,0.0,
ME-02,2,51.89,47.11,0.0,1.0,Other
