race_code,round,dem,rep,other,exhausted,eliminated
AK-GOV,1,41.64,50.36,8.0,0.0,
AK-GOV,2,45.0,53.4,0.0,1.6,Other
AK-SEN,1,44.14,47.86,8.0,0.0,
AK-SEN,2,47.5,50.9,0.0,1.6,Other
ME-SEN,1,46.87,48.13,5.0,0.0,
ME-SEN,2,48.97,50.03,0.0,1.0,Other
AK-01,1,45.68,46.32,8.0,0.0,
AK-01,2,49.04,49.36,0.0,1.6,Other
ME-01,1,61.28,33.72,5.0,0.0,
ME-01,2,63.38,35.62,0.0,1.0,Other
ME-02,1,50.66,44.34,5.0,0.0,
ME-02,2,52.76,46.24,0.0,1.0,Other
