race_code,round,dem,rep,other,exhausted,eliminated
AK-GOV,1,41.16,50.84,8.0,0.0,
AK-GOV,2,44.52,53.88,0.0,1.6,Other
AK-SEN,1,44.53,47.47,8.0,0.0,
AK-SEN,2,47.89,50.51,0.0,1.6,Other
ME-SEN,1,47.65,47.35,5.0,0.0,
ME-SEN,2,49.75,49.25,0.0,1.0,Other
AK-01,1,41.52,50.48,8.0,0.0,
AK-01,2,45.12,53.28,0.0,1.6,Other
ME-01,1,61.65,33.35,5.0,0.0,
ME-01,2,63.75,35.25,0.0,1.0,Other
ME-02,1,44.94,50.06,5.0,0.0,
ME-02,2,47.04,51.96,0.0,1.0,Other
