race_code,round,dem,rep,other,exhausted,eliminated
AK-GOV,1,41.2,50.8,8.0,0.0,
AK-GOV,2,44.56,53.84,0.0,1.6,Other
AK-SEN,1,44.5,47.5,8.0,0.0,
AK-SEN,2,47.86,50.54,0.0,1.6,Other
ME-SEN,1,47.62,47.38,5.0,0.0,
ME-SEN,2,49.72,49.28,0.0,1.0,Other
AK-01,1,41.53,50.47,8.0,0.0,
AK-01,2,45.13,53.27,0.0,1.6,Other
ME-01,1,60.96,34.04,5.0,0.0,
ME-01,2,63.06,35.94,0.0,1.0,Other
ME-02,1,45.39,49.61,5.0,0.0,
ME-02,2,47.49,51.51,0.0,1.0,Other
