race_code,round,dem,rep,other,exhausted,eliminated
AK-GOV,1,43.63,48.37,8.0,0.0,
AK-GOV,2,46.99,51.41,0.0,1.6,Other
AK-SEN,1,44.68,47.32,8.0,0.0,
AK-SEN,2,48.04,50.36,0.0,1.6,Other
ME-SEN,1,46.79,48.21,5.0,0.0,
ME-SEN,2,48.89,50.11,0.0,1.0,Other
AK-01,1,43.55,48.45,8.0,0.0,
AK-01,2,46.91,51.49,0.0,1.6,Other
ME-01,1,60.29,34.71,5.0,0.0,
ME-01,2,62.39,36.61,0.0,1.0,Other
ME-02,1,48.87,46.13,5.0,0.0,
ME-02,2,50.97,48.03,0.0,1.0,Other
