race_code,round,dem,rep,other,exhausted,eliminated
AK-GOV,1,44.42,47.58,8.0,0.0,
AK-GOV,2,47.78,50.62,0.0,1.6,Other
AK-SEN,1,45.51,46.49,8.0,0.0,
AK-SEN,2,48.87,49.53,0.0,1.6,Other
ME-SEN,1,47.63,47.37,5.0,0.0,
ME-SEN,2,49.73,49.27,0.0,1.0,Other
AK-01,1,44.52,47.48,8.0,0.0,
AK-01,2,47.88,50.52,0.0,1.6,Other
ME-01,1,61.38,33.62,5.0,0.0,
ME-01,2,63.48,35.52,0.0,1.0,Other
ME-02,1,49.75,45.25,5.0,0.0,
ME-02,2,51.85,47.15,0.0,1.0,Other
