race_code,round,dem,rep,other,exhausted,eliminated
AK-GOV,1,42.84,49.16,8.0,0.0,
AK-GOV,2,46.2,52.2,0.0,1.6,Other
AK-SEN,1,44.02,47.98,8.0,0.0,
AK-SEN,2,47.38,51.02,0.0,1.6,Other
ME-SEN,1,45.99,49.01,5.0,0.0,
ME-SEN,2,48.09,50.91,0.0,1.0,Other
AK-01,1,44.04,47.96,8.0,0.0,
AK-01,2,47.4,51.0,0.0,1.6,Other
ME-01,1,59.78,35.22,5.0,0.0,
ME-01,2,61.88,37.12,0.0,1.0,Other
ME-02,1,48.52,46.48,5.0,0.0,
ME-02,2,50.62,48.38,0.0,1.0,Other
