race_code,round,dem,rep,other,exhausted,eliminated
AK-GOV,1,41.43,50.57,8.0,0.0,
AK-GOV,2,44.79,53.61,0.0,1.6,Other
AK-SEN,1,43.84,48.16,8.0,0.0,
AK-SEN,2,47.2,51.2,0.0,1.6,Other
ME-SEN,1,46.59,48.41,5.0,0.0,
ME-SEN,2,48.69,50.31,0.0,1.0,Other
AK-01,1,45.24,46.76,8.0,0.0,
AK-01,2,48.6,49.8,0.0,1.6,Other
ME-01,1,60.99,34.01,5.0,0.0,
ME-01,2,63.09,35.91,0.0,1.0,Other
ME-02,1,50.37,44.63,5.0,0.0,
ME-02,2,52.47,46.53,0.0,1.0,Other
