race_code,round,dem,rep,other,exhausted,eliminated
AK-GOV,1,40.9,51.1,8.0,0.0,
AK-GOV,2,44.26,54.14,0.0,1.6,Other
AK-SEN,1,43.9,48.1,8.0,0.0,
AK-SEN,2,47.26,51.14,0.0,1.6,Other
ME-SEN,1,46.41,48.59,5.0,0.0,
ME-SEN,2,48.51,50.49,0.0,1.0,Other
AK-01,1,41.19,50.81,8.0,0.0,
AK-01,2,44.79,53.61,0.0,1.6,Other
ME-01,1,60.37,34.63,5.0,0.0,
ME-01,2,62.47,36.53,0.0,1.0,Other
ME-02,1,44.68,50.32,5.0,0.0,
ME-02,2,46.78,52.22,0.0,1.0,Other
