race_code,round,dem,rep,other,exhausted,eliminated
AK-GOV,1,41.04,50.96,8.0,0.0,
AK-GOV,2,44.4,54.0,0.0,1.6,Other
AK-SEN,1,44.08,47.92,8.0,0.0,
AK-SEN,2,47.44,50.96,0.0,1.6,Other
ME-SEN,1,47.23,47.77,5.0,0.0,
ME-SEN,2,49.33,49.67,0.0,1.0,Other
AK-01,1,41.3,50.7,8.0,0.0,
AK-01,2,44.9,53.5,0.0,1.6,Other
ME-01,1,60.64,34.36,5.0,0.0,
ME-01,2,62.74,36.26,0.0,1.0,Other
ME-02,1,45.11,49.89,5.0,0.0,
ME-02,2,47.21,51.79,0.0,1.0,Other
