race_code,round,dem,rep,other,exhausted,eliminated
AK-GOV,1,41.56,50.44,8.0,0.0,
AK-GOV,2,44.92,53.48,0.0,1.6,Other
AK-SEN,1,44.04,47.96,8.0,0.0,
AK-SEN,2,47.4,51.0,0.0,1.6,Other
ME-SEN,1,46.76,48.24,5.0,0.0,
ME-SEN,2,48.86,50.14,0.0,1.0,Other
AK-01,1,45.52,46.48,8.0,0.0,
AK-01,2,48.88,49.52,0.0,1.6,Other
ME-01,1,61.22,33.78,5.0,0.0,
ME-01,2,63.32,35.68,0.0,1.0,Other
ME-02,1,50.6,44.4,5.0,0.0,
ME-02,2,52.7,46.3,0.0,1.0,Other
