race_code,round,dem,rep,other,exhausted,eliminated
AK-GOV,1,43.53,48.47,8.0,0.0,
AK-GOV,2,46.89,51.51,0.0,1.6,Other
AK-SEN,1,44.34,47.66,8.0,0.0,
AK-SEN,2,47.7,50.7,0.0,1.6,Other
ME-SEN,1,46.43,48.57,5.0,0.0,
ME-SEN,2,48.53,50.47,0.0,1.0,Other
AK-01,1,44.62,47.38,8.0,0.0,
AK-01,2,47.98,50.42,0.0,1.6,Other
ME-01,1,60.04,34.96,5.0,0.0,
ME-01,2,62.14,36.86,0.0,1.0,Other
ME-02,1,48.67,46.33,5.0,0.0,
ME-02,2,50.77,48.23,0.0,1.0,Other
