race_code,round,dem,rep,other,exhausted,eliminated
AK-GOV,1,41.03,50.97,8.0,0.0,
AK-GOV,2,44.39,54.01,0.0,1.6,Other
AK-SEN,1,44.08,47.92,8.0,0.0,
AK-SEN,2,47.44,50.96,0.0,1.6,Other
ME-SEN,1,47.3,47.7,5.0,0.0,
ME-SEN,2,49.4,49.6,0.0,1.0,Other
AK-01,1,41.27,50.73,8.0,0.0,
AK-01,2,44.87,53.53,0.0,1.6,Other
ME-01,1,61.44,33.56,5.0,0.0,
ME-01,2,63.54,35.46,0.0,1.0,Other
ME-02,1,44.76,50.24,5.0,0.0,
ME-02,2,46.86,52.14,0.0,1.0,Other
