race_code,round,dem,rep,other,exhausted,eliminated
AK-GOV,1,43.52,48.48,8.0,0.0,
AK-GOV,2,46.88,51.52,0.0,1.6,Other
AK-SEN,1,44.22,47.78,8.0,0.0,
AK-SEN,2,47.58,50.82,0.0,1.6,Other
ME-SEN,1,46.43,48.57,5.0,0.0,
ME-SEN,2,48.53,50.47,0.0,1.0,Other
AK-01,1,44.5,47.5,8.0,0.0,
AK-01,2,47.86,50.54,0.0,1.6,Other
ME-01,1,60.05,34.95,5.0,0.0,
ME-01,2,62.15,36.85,0.0,1.0,Other
ME-02,1,48.68,46.32,5.0,0.0,
ME-02,2,50.78,48.22,0.0,1.0,Other
