race_code,round,dem,rep,other,exhausted,eliminated
AK-GOV,1,41.54,50.46,8.0,0.0,
AK-GOV,2,44.9,53.5,0.0,1.6,Other
AK-SEN,1,44.05,47.95,8.0,0.0,
AK-SEN,2,47.41,50.99,0.0,1.6,Other
ME-SEN,1,46.74,48.26,5.0,0.0,
ME-SEN,2,48.84,50.16,0.0,1.0,Other
AK-01,1,45.52,46.48,8.0,0.0,
AK-01,2,48.88,49.52,0.0,1.6,Other
ME-01,1,61.18,33.82,5.0,0.0,
ME-01,2,63.28,35.72,0.0,1.0,Other
ME-02,1,50.56,44.44,5.0,0.0,
ME-02,2,52.66,46.34,0.0,1.0,Other
