race_code,round,dem,rep,other,exhausted,eliminated
AK-GOV,1,43.52,48.48,8.0,0.0,
AK-GOV,2,46.88,51.52,0.0,1.6,Other
AK-SEN,1,44.27,47.73,8.0,0.0,
AK-SEN,2,47.63,50.77,0.0,1.6,Other
ME-SEN,1,46.43,48.57,5.0,0.0,
ME-SEN,2,48.53,50.47,0.0,1.0,Other
AK-01,1,44.52,47.48,8.0,0.0,
AK-01,2,47.88,50.52,0.0,1.6,Other
ME-01,1,59.93,35.07,5.0,0.0,
ME-01,2,62.03,36.97,0.0,1.0,Other
ME-02,1,48.59,46.41,5.0,0.0,
ME-02,2,50.69,48.31,0.0,1.0,Other
