race_code,round,dem,rep,other,exhausted,eliminated
AK-GOV,1,43.62,48.38,8.0,0.0,
AK-GOV,2,46.98,51.42,0.0,1.6,Other
AK-SEN,1,44.9,47.1,8.0,0.0,
AK-SEN,2,48.26,50.14,0.0,1.6,Other
ME-SEN,1,46.85,48.15,5.0,0.0,
ME-SEN,2,48.95,50.05,0.0,1.0,Other
AK-01,1,45.14,46.86,8.0,0.0,
AK-01,2,48.5,49.9,0.0,1.6,Other
ME-01,1,61.03,33.97,5.0,0.0,
ME-01,2,63.13,35.87,0.0,1.0,Other
ME-02,1,49.57,45.43,5.0,0.0,
ME-02,2,51.67,47.33,0.0,1.0,Other
