race_code,round,dem,rep,other,exhausted,eliminated
AK-GOV,1,40.87,51.13,8.0,0.0,
AK-GOV,2,44.23,54.17,0.0,1.6,Other
AK-SEN,1,43.9,48.1,8.0,0.0,
AK-SEN,2,47.26,51.14,0.0,1.6,Other
ME-SEN,1,46.47,48.53,5.0,0.0,
ME-SEN,2,48.57,50.43,0.0,1.0,Other
AK-01,1,41.06,50.94,8.0,0.0,
AK-01,2,44.66,53.74,0.0,1.6,Other
ME-01,1,61.16,33.84,5.0,0.0,
ME-01,2,63.26,35.74,0.0,1.0,Other
ME-02,1,44.31,50.69,5.0,0.0,
ME-02,2,46.41,52.59,0.0,1.0,Other
