race_code,round,dem,rep,other,exhausted,eliminated
AK-GOV,1,41.39,50.61,8.0,0.0,
AK-GOV,2,44.75,53.65,0.0,1.6,Other
AK-SEN,1,43.77,48.23,8.0,0.0,
AK-SEN,2,47.13,51.27,0.0,1.6,Other
ME-SEN,1,46.55,48.45,5.0,0.0,
ME-SEN,2,48.65,50.35,0.0,1.0,Other
AK-01,1,45.17,46.83,8.0,0.0,
AK-01,2,48.53,49.87,0.0,1.6,Other
ME-01,1,60.94,34.06,5.0,0.0,
ME-01,2,63.04,35.96,0.0,1.0,Other
ME-02,1,50.32,44.68,5.0,0.0,
ME-02,2,52.42,46.58,0.0,1.0,Other
