race_code,round,dem,rep,other,exhausted,eliminated
AK-GOV,1,42.82,49.18,8.0,0.0,
AK-GOV,2,46.18,52.22,0.0,1.6,Other
AK-SEN,1,43.96,48.04,8.0,0.0,
AK-SEN,2,47.32,51.08,0.0,1.6,Other
ME-SEN,1,45.96,49.04,5.0,0.0,
ME-SEN,2,48.06,50.94,0.0,1.0,Other
AK-01,1,44.07,47.93,8.0,0.0,
AK-01,2,47.43,50.97,0.0,1.6,Other
ME-01,1,59.69,35.31,5.0,0.0,
ME-01,2,61.79,37.21,0.0,1.0,Other
ME-02,1,48.45,46.55,5.0,0.0,
ME-02,2,50.55,48.45,0.0,1.0,Other
