race_code,round,dem,rep,other,exhausted,eliminated
AK-GOV,1,41.54,50.46,8.0,0.0,
AK-GOV,2,44.9,53.5,0.0,1.6,Other
AK-SEN,1,44.0,48.0,8.0,0.0,
AK-SEN,2,47.36,51.04,0.0,1.6,Other
ME-SEN,1,46.74,48.26,5.0,0.0,
ME-SEN,2,48.84,50.16,0.0,1.0,Other
AK-01,1,45.39,46.61,8.0,0.0,
AK-01,2,48.75,49.65,0.0,1.6,Other
ME-01,1,61.13,33.87,5.0,0.0,
ME-01,2,63.23,35.77,0.0,1.0,Other
ME-02,1,50.51,44.49,5.0,0.0,
ME-02,2,52.61,46.39,0.0,1.0,Other
