race_code,round,dem,rep,other,exhausted,eliminated
AK-GOV,1,41.01,50.99,8.0,0.0,
AK-GOV,2,44.37,54.03,0.0,1.6,Other
AK-SEN,1,44.05,47.95,8.0,0.0,
AK-SEN,2,47.41,50.99,0.0,1.6,Other
ME-SEN,1,47.2,47.8,5.0,0.0,
ME-SEN,2,49.3,49.7,0.0,1.0,Other
AK-01,1,41.31,50.69,8.0,0.0,
AK-01,2,44.91,53.49,0.0,1.6,Other
ME-01,1,60.64,34.36,5.0,0.0,
ME-01,2,62.74,36.26,0.0,1.0,Other
ME-02,1,45.11,49.89,5.0,0.0,
ME-02,2,47.21,51.79,0.0,1.0,Other
