race_code,round,dem,rep,other,exhausted,eliminated
AK-GOV,1,44.3,47.7,8.0,0.0,
AK-GOV,2,47.66,50.74,0.0,1.6,Other
AK-SEN,1,45.14,46.86,8.0,0.0,
AK-SEN,2,48.5,49.9,0.0,1.6,Other
ME-SEN,1,47.27,47.73,5.0,0.0,
ME-SEN,2,49.37,49.63,0.0,1.0,Other
AK-01,1,45.57,46.43,8.0,0.0,
AK-01,2,48.93,49.47,0.0,1.6,Other
ME-01,1,61.29,33.71,5.0,0.0,
ME-01,2,63.39,35.61,0.0,1.0,Other
ME-02,1,49.68,45.32,5.0,0.0,
ME-02,2,51.78,47.22,0.0,1.0,Other
