race_code,round,dem,rep,other,exhausted,eliminated
AK-GOV,1,43.52,48.48,8.0,0.0,
AK-GOV,2,46.88,51.52,0.0,1.6,Other
AK-SEN,1,44.24,47.76,8.0,0.0,
AK-SEN,2,47.6,50.8,0.0,1.6,Other
ME-SEN,1,46.41,48.59,5.0,0.0,
ME-SEN,2,48.51,50.49,0.0,1.0,Other
AK-01,1,44.47,47.53,8.0,0.0,
AK-01,2,47.83,50.57,0.0,1.6,Other
ME-01,1,59.94,35.06,5.0,0.0,
ME-01,2,62.04,36.96,0.0,1.0,Other
ME-02,1,48.59,46.41,5.0,0.0,
ME-02,2,50.69,48.31,0.0,1.0,Other
