race_code,round,dem,rep,other,exhausted,eliminated
AK-GOV,1,41.01,50.99,8.0,0.0,
AK-GOV,2,44.37,54.03,0.0,1.6,Other
AK-SEN,1,44.12,47.88,8.0,0.0,
AK-SEN,2,47.48,50.92,0.0,1.6,Other
ME-SEN,1,47.28,47.72,5.0,0.0,
ME-SEN,2,49.38,49.62,0.0,1.0,Other
AK-01,1,41.28,50.72,8.0,0.0,
AK-01,2,44.88,53.52,0.0,1.6,Other
ME-01,1,61.42,33.58,5.0,0.0,
ME-01,2,63.52,35.48,0.0,1.0,Other
ME-02,1,44.74,50.26,5.0,0.0,
ME-02,2,46.84,52.16,0.0,1.0,Other
