race_code,round,dem,rep,other,exhausted,eliminated
AK-GOV,1,43.52,48.48,8.0,0.0,
AK-GOV,2,46.88,51.52,0.0,1.6,Other
AK-SEN,1,44.25,47.75,8.0,0.0,
AK-SEN,2,47.61,50.79,0.0,1.6,Other
ME-SEN,1,46.41,48.59,5.0,0.0,
ME-SEN,2,48.51,50.49,0.0,1.0,Other
AK-01,1,44.46,47.54,8.0,0.0,
AK-01,2,47.82,50.58,0.0,1.6,Other
ME-01,1,60.03,34.97,5.0,0.0,
ME-01,2,62.13,36.87,0.0,1.0,Other
ME-02,1,48.66,46.34,5.0,0.0,
ME-02,2,50.76,48.24,0.0,1.0,Other
