race_code,round,dem,rep,other,exhausted,eliminated
AK-GOV,1,41.92,50.08,8.0,0.0,
AK-GOV,2,45.28,53.12,0.0,1.6,Other
AK-SEN,1,45.48,46.52,8.0,0.0,
AK-SEN,2,48.84,49.56,0.0,1.6,Other
ME-SEN,1,48.17,46.83,5.0,0.0,
ME-SEN,2,50.27,48.73,0.0,1.0,Other
AK-01,1,42.45,49.55,8.0,0.0,
AK-01,2,46.05,52.35,0.0,1.6,Other
ME-01,1,61.92,33.08,5.0,0.0,
ME-01,2,64.02,34.98,0.0,1.0,Other
ME-02,1,46.26,48.74,5.0,0.0,
ME-02,2,48.36,50.64,0.0,1.0,Other
