race_code,round,dem,rep,other,exhausted,eliminated
AK-GOV,1,41.91,50.09,8.0,0.0,
AK-GOV,2,45.27,53.13,0.0,1.6,Other
AK-SEN,1,45.56,46.44,8.0,0.0,
AK-SEN,2,48.92,49.48,0.0,1.6,Other
ME-SEN,1,48.24,46.76,5.0,0.0,
ME-SEN,2,50.34,48.66,0.0,1.0,Other
AK-01,1,42.47,49.53,8.0,0.0,
AK-01,2,46.07,52.33,0.0,1.6,Other
ME-01,1,62.66,32.34,5.0,0.0,
ME-01,2,64.76,34.24,0.0,1.0,Other
ME-02,1,45.88,49.12,5.0,0.0,
ME-02,2,47.98,51.02,0.0,1.0,Other
