race_code,round,dem,rep,other,exhausted,eliminated
AK-GOV,1,43.31,48.69,8.0,0.0,
AK-GOV,2,46.67,51.73,0.0,1.6,Other
AK-SEN,1,45.34,46.66,8.0,0.0,
AK-SEN,2,48.7,49.7,0.0,1.6,Other
ME-SEN,1,47.61,47.39,5.0,0.0,
ME-SEN,2,49.71,49.29,0.0,1.0,Other
AK-01,1,44.87,47.13,8.0,0.0,
AK-01,2,48.23,50.17,0.0,1.6,Other
ME-01,1,61.26,33.74,5.0,0.0,
ME-01,2,63.36,35.64,0.0,1.0,Other
ME-02,1,49.66,45.34,5.0,0.0,
ME-02,2,51.76,47.24,0.0,1.0,Other
