race_code,round,dem,rep,other,exhausted,eliminated
AK-GOV,1,41.91,50.09,8.0,0.0,
AK-GOV,2,45.27,53.13,0.0,1.6,Other
AK-SEN,1,45.53,46.47,8.0,0.0,
AK-SEN,2,48.89,49.51,0.0,1.6,Other
ME-SEN,1,48.24,46.76,5.0,0.0,
ME-SEN,2,50.34,48.66,0.0,1.0,Other
AK-01,1,42.48,49.52,8.0,0.0,
AK-01,2,46.08,52.32,0.0,1.6,Other
ME-01,1,62.74,32.26,5.0,0.0,
ME-01,2,64.84,34.16,0.0,1.0,Other
ME-02,1,44.96,50.04,5.0,0.0,
ME-02,2,47.06,51.94,0.0,1.0,Other
