race_code,round,dem,rep,other,exhausted,eliminated
AK-GOV,1,43.31,48.69,8.0,0.0,
AK-GOV,2,46.67,51.73,0.0,1.6,Other
AK-SEN,1,45.3,46.7,8.0,0.0,
AK-SEN,2,48.66,49.74,0.0,1.6,Other
ME-SEN,1,47.61,47.39,5.0,0.0,
ME-SEN,2,49.71,49.29,0.0,1.0,Other
AK-01,1,44.88,47.12,8.0,0.0,
AK-01,2,48.24,50.16,0.0,1.6,Other
ME-01,1,61.28,33.72,5.0,0.0,
ME-01,2,63.38,35.62,0.0,1.0,Other
ME-02,1,49.67,45.33,5.0,0.0,
ME-02,2,51.77,47.23,0.0,1.0,Other
