race_code,round,dem,rep,other,exhausted,eliminated
AK-GOV,1,42.4,49.6,8.0,0.0,
AK-GOV,2,45.76,52.64,0.0,1.6,Other
AK-SEN,1,45.11,46.89,8.0,0.0,
AK-SEN,2,48.47,49.93,0.0,1.6,Other
ME-SEN,1,47.85,47.15,5.0,0.0,
ME-SEN,2,49.95,49.05,0.0,1.0,Other
AK-01,1,46.73,45.27,8.0,0.0,
AK-01,2,50.09,48.31,0.0,1.6,Other
ME-01,1,62.41,32.59,5.0,0.0,
ME-01,2,64.51,34.49,0.0,1.0,Other
ME-02,1,51.79,43.21,5.0,0.0,
ME-02,2,53.89,45.11,0.0,1.0,Other
