race_code,round,dem,rep,other,exhausted,eliminated
AK-GOV,1,40.96,51.04,8.0,0.0,
AK-GOV,2,44.32,54.08,0.0,1.6,Other
AK-SEN,1,44.02,47.98,8.0,0.0,
AK-SEN,2,47.38,51.02,0.0,1.6,Other
ME-SEN,1,47.19,47.81,5.0,0.0,
ME-SEN,2,49.29,49.71,0.0,1.0,Other
AK-01,1,41.24,50.76,8.0,0.0,
AK-01,2,44.84,53.56,0.0,1.6,Other
ME-01,1,60.57,34.43,5.0,0.0,
ME-01,2,62.67,36.33,0.0,1.0,Other
ME-02,1,45.05,49.95,5.0,0.0,
ME-02,2,47.15,51.85,0.0,1.0,Other
