race_code,round,dem,rep,other,exhausted,eliminated
AK-GOV,1,43.49,48.51,8.0,0.0,
AK-GOV,2,46.85,51.55,0.0,1.6,Other
AK-SEN,1,44.22,47.78,8.0,0.0,
AK-SEN,2,47.58,50.82,0.0,1.6,Other
ME-SEN,1,46.45,48.55,5.0,0.0,
ME-SEN,2,48.55,50.45,0.0,1.0,Other
AK-01,1,44.49,47.51,8.0,0.0,
AK-01,2,47.85,50.55,0.0,1.6,Other
ME-01,1,60.02,34.98,5.0,0.0,
ME-01,2,62.12,36.88,0.0,1.0,Other
ME-02,1,48.65,46.35,5.0,0.0,
ME-02,2,50.75,48.25,0.0,1.0,Other
