race_code,round,dem,rep,other,exhausted,eliminated
AK-GOV,1,41.5,50.5,8.0,0.0,
AK-GOV,2,44.86,53.54,0.0,1.6,Other
AK-SEN,1,43.92,48.08,8.0,0.0,
AK-SEN,2,47.28,51.12,0.0,1.6,Other
ME-SEN,1,46.7,48.3,5.0,0.0,
ME-SEN,2,48.8,50.2,0.0,1.0,Other
AK-01,1,45.36,46.64,8.0,0.0,
AK-01,2,48.72,49.68,0.0,1.6,Other
ME-01,1,61.06,33.94,5.0,0.0,
ME-01,2,63.16,35.84,0.0,1.0,Other
ME-02,1,50.44,44.56,5.0,0.0,
ME-02,2,52.54,46.46,0.0,1.0,Other
