race_code,round,dem,rep,other,exhausted,eliminated
AK-GOV,1,43.0,49.0,8.0,0.0,
AK-GOV,2,46.36,52.04,0.0,1.6,Other
AK-SEN,1,45.01,46.99,8.0,0.0,
AK-SEN,2,48.37,50.03,0.0,1.6,Other
ME-SEN,1,47.1,47.9,5.0,0.0,
ME-SEN,2,49.2,49.8,0.0,1.0,Other
AK-01,1,43.76,48.24,8.0,0.0,
AK-01,2,47.12,51.28,0.0,1.6,Other
ME-01,1,60.71,34.29,5.0,0.0,
ME-01,2,62.81,36.19,0.0,1.0,Other
ME-02,1,48.82,46.18,5.0,0.0,
ME-02,2,50.92,48.08,0.0,1.0,Other
