race_code,round,dem,rep,other,exhausted,eliminated
AK-GOV,1,43.0,49.0,8.0,0.0,
AK-GOV,2,46.36,52.04,0.0,1.6,Other
AK-SEN,1,44.9,47.1,8.0,0.0,
AK-SEN,2,48.26,50.14,0.0,1.6,Other
ME-SEN,1,47.1,47.9,5.0,0.0,
ME-SEN,2,49.2,49.8,0.0,1.0,Other
AK-01,1,43.63,48.37,8.0,0.0,
AK-01,2,46.99,51.41,0.0,1.6,Other
ME-01,1,60.68,34.32,5.0,0.0,
ME-01,2,62.78,36.22,0.0,1.0,Other
ME-02,1,48.79,46.21,5.0,0.0,
ME-02,2,50.89,48.11,0.0,1.0,Other
