race_code,round,dem,rep,other,exhausted,eliminated
AK-GOV,1,41.54,50.46,8.0,0.0,
AK-GOV,2,44.9,53.5,0.0,1.6,Other
AK-SEN,1,45.13,46.87,8.0,0.0,
AK-SEN,2,48.49,49.91,0.0,1.6,Other
ME-SEN,1,48.01,46.99,5.0,0.0,
ME-SEN,2,50.11,48.89,0.0,1.0,Other
AK-01,1,42.01,49.99,8.0,0.0,
AK-01,2,45.61,52.79,0.0,1.6,Other
ME-01,1,62.19,32.81,5.0,0.0,
ME-01,2,64.29,34.71,0.0,1.0,Other
ME-02,1,45.17,49.83,5.0,0.0,
ME-02,2,47.27,51.73,0.0,1.0,Other
