race_code,round,dem,rep,other,exhausted,eliminated
AK-GOV,1,43.77,48.23,8.0,0.0,
AK-GOV,2,47.13,51.27,0.0,1.6,Other
AK-SEN,1,45.8,46.2,8.0,0.0,
AK-SEN,2,49.16,49.24,0.0,1.6,Other
ME-SEN,1,47.94,47.06,5.0,0.0,
ME-SEN,2,50.04,48.96,0.0,1.0,Other
AK-01,1,44.7,47.3,8.0,0.0,
AK-01,2,48.06,50.34,0.0,1.6,Other
ME-01,1,61.94,33.06,5.0,0.0,
ME-01,2,64.04,34.96,0.0,1.0,Other
ME-02,1,49.8,45.2,5.0,0.0,
ME-02,2,51.9,47.1,0.0,1.0,Other
