race_code,round,dem,rep,other,exhausted,eliminated
AK-GOV,1,42.85,49.15,8.0,0.0,
AK-GOV,2,46.21,52.19,0.0,1.6,Other
AK-SEN,1,44.01,47.99,8.0,0.0,
AK-SEN,2,47.37,51.03,0.0,1.6,Other
ME-SEN,1,45.95,49.05,5.0,0.0,
ME-SEN,2,48.05,50.95,0.0,1.0,Other
AK-01,1,44.03,47.97,8.0,0.0,
AK-01,2,47.39,51.01,0.0,1.6,Other
ME-01,1,59.76,35.24,5.0,0.0,
ME-01,2,61.86,37.14,0.0,1.0,Other
ME-02,1,48.51,46.49,5.0,0.0,
ME-02,2,50.61,48.39,0.0,1.0,Other
