race_code,round,dem,rep,other,exhausted,eliminated
AK-GOV,1,40.89,51.11,8.0,0.0,
AK-GOV,2,44.25,54.15,0.0,1.6,Other
AK-SEN,1,43.89,48.11,8.0,0.0,
AK-SEN,2,47.25,51.15,0.0,1.6,Other
ME-SEN,1,46.45,48.55,5.0,0.0,
ME-SEN,2,48.55,50.45,0.0,1.0,Other
AK-01,1,41.1,50.9,8.0,0.0,
AK-01,2,44.7,53.7,0.0,1.6,Other
ME-01,1,60.31,34.69,5.0,0.0,
ME-01,2,62.41,36.59,0.0,1.0,Other
ME-02,1,44.63,50.37,5.0,0.0,
ME-02,2,46.73,52.27,0.0,1.0,Other
