race_code,round,dem,rep,other,exhausted,eliminated
AK-GOV,1,40.89,51.11,8.0,0.0,
AK-GOV,2,44.25,54.15,0.0,1.6,Other
AK-SEN,1,44.03,47.97,8.0,0.0,
AK-SEN,2,47.39,51.01,0.0,1.6,Other
ME-SEN,1,46.53,48.47,5.0,0.0,
ME-SEN,2,48.63,50.37,0.0,1.0,Other
AK-01,1,41.19,50.81,8.0,0.0,
AK-01,2,44.79,53.61,0.0,1.6,Other
ME-01,1,61.15,33.85,5.0,0.0,
ME-01,2,63.25,35.75,0.0,1.0,Other
ME-02,1,44.31,50.69,5.0,0.0,
ME-02,2,46.41,52.59,0.0,1.0,Other
