race_code,round,dem,rep,other,exhausted,eliminated
AK-GOV,1,42.85,49.15,8.0,0.0,
AK-GOV,2,46.21,52.19,0.0,1.6,Other
AK-SEN,1,44.09,47.91,8.0,0.0,
AK-SEN,2,47.45,50.95,0.0,1.6,Other
ME-SEN,1,45.95,49.05,5.0,0.0,
ME-SEN,2,48.05,50.95,0.0,1.0,Other
AK-01,1,44.16,47.84,8.0,0.0,
AK-01,2,47.52,50.88,0.0,1.6,Other
ME-01,1,59.65,35.35,5.0,0.0,
ME-01,2,61.75,37.25,0.0,1.0,Other
ME-02,1,48.42,46.58,5.0,0.0,
ME-02,2,50.52,48.48,0.0,1.0,Other
