race_code,round,dem,rep,other,exhausted,eliminated
AK-GOV,1,41.43,50.57,8.0,0.0,
AK-GOV,2,44.79,53.61,0.0,1.6,Other
AK-SEN,1,43.89,48.11,8.0,0.0,
AK-SEN,2,47.25,51.15,0.0,1.6,Other
ME-SEN,1,46.6,48.4,5.0,0.0,
ME-SEN,2,48.7,50.3,0.0,1.0,Other
AK-01,1,45.34,46.66,8.0,0.0,
AK-01,2,48.7,49.7,0.0,1.6,Other
ME-01,1,60.91,34.09,5.0,0.0,
ME-01,2,63.01,35.99,0.0,1.0,Other
ME-02,1,50.29,44.71,5.0,0.0,
ME-02,2,52.39,46.61,0.0,1.0,Other
