race_code,round,dem,rep,other,exhausted,eliminated
AK-GOV,1,43.62,48.38,8.0,0.0,
AK-GOV,2,46.98,51.42,0.0,1.6,Other
AK-SEN,1,44.63,47.37,8.0,0.0,
AK-SEN,2,47.99,50.41,0.0,1.6,Other
ME-SEN,1,46.78,48.22,5.0,0.0,
ME-SEN,2,48.88,50.12,0.0,1.0,Other
AK-01,1,43.48,48.52,8.0,0.0,
AK-01,2,46.84,51.56,0.0,1.6,Other
ME-01,1,60.15,34.85,5.0,0.0,
ME-01,2,62.25,36.75,0.0,1.0,Other
ME-02,1,48.75,46.25,5.0,0.0,
ME-02,2,50.85,48.15,0.0,1.0,Other
