race_code,round,dem,rep,other,exhausted,eliminated
AK-GOV,1,41.18,50.82,8.0,0.0,
AK-GOV,2,44.54,53.86,0.0,1.6,Other
AK-SEN,1,44.56,47.44,8.0,0.0,
AK-SEN,2,47.92,50.48,0.0,1.6,Other
ME-SEN,1,47.67,47.33,5.0,0.0,
ME-SEN,2,49.77,49.23,0.0,1.0,Other
AK-01,1,41.51,50.49,8.0,0.0,
AK-01,2,45.11,53.29,0.0,1.6,Other
ME-01,1,61.77,33.23,5.0,0.0,
ME-01,2,63.87,35.13,0.0,1.0,Other
ME-02,1,45.04,49.96,5.0,0.0,
ME-02,2,47.14,51.86,0.0,1.0,Other
