race_code,round,dem,rep,other,exhausted,eliminated
AK-GOV,1,44.4,47.6,8.0,0.0,
AK-GOV,2,47.76,50.64,0.0,1.6,Other
AK-SEN,1,45.46,46.54,8.0,0.0,
AK-SEN,2,48.82,49.58,0.0,1.6,Other
ME-SEN,1,47.61,47.39,5.0,0.0,
ME-SEN,2,49.71,49.29,0.0,1.0,Other
AK-01,1,44.47,47.53,8.0,0.0,
AK-01,2,47.83,50.57,0.0,1.6,Other
ME-01,1,61.52,33.48,5.0,0.0,
ME-01,2,63.62,35.38,0.0,1.0,Other
ME-02,1,49.86,45.14,5.0,0.0,
ME-02,2,51.96,47.04,0.0,1.0,Other
