race_code,round,dem,rep,other,exhausted,eliminated
AK-GOV,1,43.62,48.38,8.0,0.0,
AK-GOV,2,46.98,51.42,0.0,1.6,Other
AK-SEN,1,44.62,47.38,8.0,0.0,
AK-SEN,2,47.98,50.42,0.0,1.6,Other
ME-SEN,1,46.78,48.22,5.0,0.0,
ME-SEN,2,48.88,50.12,0.0,1.0,Other
AK-01,1,43.49,48.51,8.0,0.0,
AK-01,2,46.85,51.55,0.0,1.6,Other
ME-01,1,60.21,34.79,5.0,0.0,
ME-01,2,62.31,36.69,0.0,1.0,Other
ME-02,1,48.8,46.2,5.0,0.0,
ME-02,2,50.9,48.1,0.0,1.0,Other
