race_code,round,dem,rep,other,exhausted,eliminated
AK-GOV,1,41.19,50.81,8.0,0.0,
AK-GOV,2,44.55,53.85,0.0,1.6,Other
AK-SEN,1,44.53,47.47,8.0,0.0,
AK-SEN,2,47.89,50.51,0.0,1.6,Other
ME-SEN,1,47.6,47.4,5.0,0.0,
ME-SEN,2,49.7,49.3,0.0,1.0,Other
AK-01,1,41.57,50.43,8.0,0.0,
AK-01,2,45.17,53.23,0.0,1.6,Other
ME-01,1,60.97,34.03,5.0,0.0,
ME-01,2,63.07,35.93,0.0,1.0,Other
ME-02,1,45.39,49.61,5.0,0.0,
ME-02,2,47.49,51.51,0.0,1.0,Other
