race_code,round,dem,rep,other,exhausted,eliminated
AK-GOV,1,41.66,50.34,8.0,0.0,
AK-GOV,2,45.02,53.38,0.0,1.6,Other
AK-SEN,1,44.15,47.85,8.0,0.0,
AK-SEN,2,47.51,50.89,0.0,1.6,Other
ME-SEN,1,46.89,48.11,5.0,0.0,
ME-SEN,2,48.99,50.01,0.0,1.0,Other
AK-01,1,45.63,46.37,8.0,0.0,
AK-01,2,48.99,49.41,0.0,1.6,Other
ME-01,1,61.29,33.71,5.0,0.0,
ME-01,2,63.39,35.61,0.0,1.0,Other
ME-02,1,50.67,44.33,5.0,0.0,
ME-02,2,52.77,46.23,0.0,1.0,Other
