race_code,round,dem,rep,other,exhausted,eliminated
AK-GOV,1,40.93,51.07,8.0,0.0,
AK-GOV,2,44.29,54.11,0.0,1.6,Other
AK-SEN,1,43.95,48.05,8.0,0.0,
AK-SEN,2,47.31,51.09,0.0,1.6,Other
ME-SEN,1,46.5,48.5,5.0,0.0,
ME-SEN,2,48.6,50.4,0.0,1.0,Other
AK-01,1,41.19,50.81,8.0,0.0,
AK-01,2,44.79,53.61,0.0,1.6,Other
ME-01,1,60.39,34.61,5.0,0.0,
ME-01,2,62.49,36.51,0.0,1.0,Other
ME-02,1,44.69,50.31,5.0,0.0,
ME-02,2,46.79,52.21,0.0,1.0,Other
