race_code,round,dem,rep,other,exhausted,eliminated
AK-GOV,1,43.69,48.31,8.0,0.0,
AK-GOV,2,47.05,51.35,0.0,1.6,Other
AK-SEN,1,44.99,47.01,8.0,0.0,
AK-SEN,2,48.35,50.05,0.0,1.6,Other
ME-SEN,1,46.88,48.12,5.0,0.0,
ME-SEN,2,48.98,50.02,0.0,1.0,Other
AK-01,1,45.3,46.7,8.0,0.0,
AK-01,2,48.66,49.74,0.0,1.6,Other
ME-01,1,61.08,33.92,5.0,0.0,
ME-01,2,63.18,35.82,0.0,1.0,Other
ME-02,1,49.61,45.39,5.0,0.0,
ME-02,2,51.71,47.29,0.0,1.0,Other
