race_code,round,dem,rep,other,exhausted,eliminated
AK-GOV,1,42.88,49.12,8.0,0.0,
AK-GOV,2,46.24,52.16,0.0,1.6,Other
AK-SEN,1,44.0,48.0,8.0,0.0,
AK-SEN,2,47.36,51.04,0.0,1.6,Other
ME-SEN,1,45.99,49.01,5.0,0.0,
ME-SEN,2,48.09,50.91,0.0,1.0,Other
AK-01,1,44.06,47.94,8.0,0.0,
AK-01,2,47.42,50.98,0.0,1.6,Other
ME-01,1,59.8,35.2,5.0,0.0,
ME-01,2,61.9,37.1,0.0,1.0,Other
ME-02,1,48.54,46.46,5.0,0.0,
ME-02,2,50.64,48.36,0.0,1.0,Other
