race_code,round,dem,rep,other,exhausted,eliminated
AK-GOV,1,43.69,48.31,8.0,0.0,
AK-GOV,2,47.05,51.35,0.0,1.6,Other
AK-SEN,1,44.94,47.06,8.0,0.0,
AK-SEN,2,48.3,50.1,0.0,1.6,Other
ME-SEN,1,46.88,48.12,5.0,0.0,
ME-SEN,2,48.98,50.02,0.0,1.0,Other
AK-01,1,45.19,46.81,8.0,0.0,
AK-01,2,48.55,49.85,0.0,1.6,Other
ME-01,1,61.21,33.79,5.0,0.0,
ME-01,2,63.31,35.69,0.0,1.0,Other
ME-02,1,49.72,45.28,5.0,0.0,
ME-02,2,51.82,47.18,0.0,1.0,Other
