race_code,round,dem,rep,other,exhausted,eliminated
AK-GOV,1,40.93,51.07,8.0,0.0,
AK-GOV,2,44.29,54.11,0.0,1.6,Other
AK-SEN,1,43.96,48.04,8.0,0.0,
AK-SEN,2,47.32,51.08,0.0,1.6,Other
ME-SEN,1,46.5,48.5,5.0,0.0,
ME-SEN,2,48.6,50.4,0.0,1.0,Other
AK-01,1,41.28,50.72,8.0,0.0,
AK-01,2,44.88,53.52,0.0,1.6,Other
ME-01,1,60.41,34.59,5.0,0.0,
ME-01,2,62.51,36.49,0.0,1.0,Other
ME-02,1,44.71,50.29,5.0,0.0,
ME-02,2,46.81,52.19,0.0,1.0,Other
