race_code,round,dem,rep,other,exhausted,eliminated
AK-GOV,1,42.88,49.12,8.0,0.0,
AK-GOV,2,46.24,52.16,0.0,1.6,Other
AK-SEN,1,44.07,47.93,8.0,0.0,
AK-SEN,2,47.43,50.97,0.0,1.6,Other
ME-SEN,1,45.99,49.01,5.0,0.0,
ME-SEN,2,48.09,50.91,0.0,1.0,Other
AK-01,1,44.15,47.85,8.0,0.0,
AK-01,2,47.51,50.89,0.0,1.6,Other
ME-01,1,59.84,35.16,5.0,0.0,
ME-01,2,61.94,37.06,0.0,1.0,Other
ME-02,1,48.57,46.43,5.0,0.0,
ME-02,2,50.67,48.33,0.0,1.0,Other
