race_code,round,dem,rep,other,exhausted,eliminated
AK-GOV,1,42.97,49.03,8.0,0.0,
AK-GOV,2,46.33,52.07,0.0,1.6,Other
AK-SEN,1,44.93,47.07,8.0,0.0,
AK-SEN,2,48.29,50.11,0.0,1.6,Other
ME-SEN,1,47.06,47.94,5.0,0.0,
ME-SEN,2,49.16,49.84,0.0,1.0,Other
AK-01,1,43.65,48.35,8.0,0.0,
AK-01,2,47.01,51.39,0.0,1.6,Other
ME-01,1,60.64,34.36,5.0,0.0,
ME-01,2,62.74,36.26,0.0,1.0,Other
ME-02,1,48.76,46.24,5.0,0.0,
ME-02,2,50.86,48.14,0.0,1.0,Other
