race_code,round,dem,rep,other,exhausted,eliminated
AK-GOV,1,41.96,50.04,8.0,0.0,
AK-GOV,2,45.32,53.08,0.0,1.6,Other
AK-SEN,1,44.55,47.45,8.0,0.0,
AK-SEN,2,47.91,50.49,0.0,1.6,Other
ME-SEN,1,47.28,47.72,5.0,0.0,
ME-SEN,2,49.38,49.62,0.0,1.0,Other
AK-01,1,46.02,45.98,8.0,0.0,
AK-01,2,49.38,49.02,0.0,1.6,Other
ME-01,1,61.79,33.21,5.0,0.0,
ME-01,2,63.89,35.11,0.0,1.0,Other
ME-02,1,51.17,43.83,5.0,0.0,
ME-02,2,53.27,45.73,0.0,1.0,Other
