race_code,round,dem,rep,other,exhausted,eliminated
AK-GOV,1,42.94,49.06,8.0,0.0,
AK-GOV,2,46.3,52.1,0.0,1.6,Other
AK-SEN,1,44.97,47.03,8.0,0.0,
AK-SEN,2,48.33,50.07,0.0,1.6,Other
ME-SEN,1,47.03,47.97,5.0,0.0,
ME-SEN,2,49.13,49.87,0.0,1.0,Other
AK-01,1,43.71,48.29,8.0,0.0,
AK-01,2,47.07,51.33,0.0,1.6,Other
ME-01,1,60.61,34.39,5.0,0.0,
ME-01,2,62.71,36.29,0.0,1.0,Other
ME-02,1,48.74,46.26,5.0,0.0,
ME-02,2,50.84,48.16,0.0,1.0,Other
