race_code,round,dem,rep,other,exhausted,eliminated
AK-GOV,1,43.71,48.29,8.0,0.0,
AK-GOV,2,47.07,51.33,0.0,1.6,Other
AK-SEN,1,45.8,46.2,8.0,0.0,
AK-SEN,2,49.16,49.24,0.0,1.6,Other
ME-SEN,1,47.87,47.13,5.0,0.0,
ME-SEN,2,49.97,49.03,0.0,1.0,Other
AK-01,1,44.71,47.29,8.0,0.0,
AK-01,2,48.07,50.33,0.0,1.6,Other
ME-01,1,61.88,33.12,5.0,0.0,
ME-01,2,63.98,35.02,0.0,1.0,Other
ME-02,1,49.75,45.25,5.0,0.0,
ME-02,2,51.85,47.15,0.0,1.0,Other
