race_code,round,dem,rep,other,exhausted,eliminated
AK-GOV,1,42.94,49.06,8.0,0.0,
AK-GOV,2,46.3,52.1,0.0,1.6,Other
AK-SEN,1,44.84,47.16,8.0,0.0,
AK-SEN,2,48.2,50.2,0.0,1.6,Other
ME-SEN,1,47.03,47.97,5.0,0.0,
ME-SEN,2,49.13,49.87,0.0,1.0,Other
AK-01,1,43.56,48.44,8.0,0.0,
AK-01,2,46.92,51.48,0.0,1.6,Other
ME-01,1,60.6,34.4,5.0,0.0,
ME-01,2,62.7,36.3,0.0,1.0,Other
ME-02,1,48.74,46.26,5.0,0.0,
ME-02,2,50.84,48.16,0.0,1.0,Other
