race_code,round,dem,rep,other,exhausted,eliminated
AK-GOV,1,41.46,50.54,8.0,0.0,
AK-GOV,2,44.82,53.58,0.0,1.6,Other
AK-SEN,1,44.99,47.01,8.0,0.0,
AK-SEN,2,48.35,50.05,0.0,1.6,Other
ME-SEN,1,47.86,47.14,5.0,0.0,
ME-SEN,2,49.96,49.04,0.0,1.0,Other
AK-01,1,41.85,50.15,8.0,0.0,
AK-01,2,45.45,52.95,0.0,1.6,Other
ME-01,1,61.25,33.75,5.0,0.0,
ME-01,2,63.35,35.65,0.0,1.0,Other
ME-02,1,45.41,49.59,5.0,0.0,
ME-02,2,47.51,51.49,0.0,1.0,Other
