race_code,round,dem,rep,other,exhausted,eliminated
AK-GOV,1,41.93,50.07,8.0,0.0,
AK-GOV,2,45.29,53.11,0.0,1.6,Other
AK-SEN,1,44.47,47.53,8.0,0.0,
AK-SEN,2,47.83,50.57,0.0,1.6,Other
ME-SEN,1,47.25,47.75,5.0,0.0,
ME-SEN,2,49.35,49.65,0.0,1.0,Other
AK-01,1,45.99,46.01,8.0,0.0,
AK-01,2,49.35,49.05,0.0,1.6,Other
ME-01,1,61.73,33.27,5.0,0.0,
ME-01,2,63.83,35.17,0.0,1.0,Other
ME-02,1,51.11,43.89,5.0,0.0,
ME-02,2,53.21,45.79,0.0,1.0,Other
