race_code,round,dem,rep,other,exhausted,eliminated
AK-GOV,1,41.64,50.36,8.0,0.0,
AK-GOV,2,45.0,53.4,0.0,1.6,Other
AK-SEN,1,45.27,46.73,8.0,0.0,
AK-SEN,2,48.63,49.77,0.0,1.6,Other
ME-SEN,1,48.11,46.89,5.0,0.0,
ME-SEN,2,50.21,48.79,0.0,1.0,Other
AK-01,1,42.1,49.9,8.0,0.0,
AK-01,2,45.7,52.7,0.0,1.6,Other
ME-01,1,62.36,32.64,5.0,0.0,
ME-01,2,64.46,34.54,0.0,1.0,Other
ME-02,1,45.63,49.37,5.0,0.0,
ME-02,2,47.73,51.27,0.0,1.0,Other
