race_code,round,dem,rep,other,exhausted,eliminated
AK-GOV,1,41.65,50.35,8.0,0.0,
AK-GOV,2,45.01,53.39,0.0,1.6,Other
AK-SEN,1,45.17,46.83,8.0,0.0,
AK-SEN,2,48.53,49.87,0.0,1.6,Other
ME-SEN,1,48.05,46.95,5.0,0.0,
ME-SEN,2,50.15,48.85,0.0,1.0,Other
AK-01,1,42.08,49.92,8.0,0.0,
AK-01,2,45.68,52.72,0.0,1.6,Other
ME-01,1,61.62,33.38,5.0,0.0,
ME-01,2,63.72,35.28,0.0,1.0,Other
ME-02,1,46.02,48.98,5.0,0.0,
ME-02,2,48.12,50.88,0.0,1.0,Other
