race_code,round,dem,rep,other,exhausted,eliminated
AK-GOV,1,42.13,49.87,8.0,0.0,
AK-GOV,2,45.49,52.91,0.0,1.6,Other
AK-SEN,1,44.64,47.36,8.0,0.0,
AK-SEN,2,48.0,50.4,0.0,1.6,Other
ME-SEN,1,47.5,47.5,5.0,0.0,
ME-SEN,2,49.6,49.4,0.0,1.0,Other
AK-01,1,46.12,45.88,8.0,0.0,
AK-01,2,49.48,48.92,0.0,1.6,Other
ME-01,1,62.06,32.94,5.0,0.0,
ME-01,2,64.16,34.84,0.0,1.0,Other
ME-02,1,51.44,43.56,5.0,0.0,
ME-02,2,53.54,45.46,0.0,1.0,Other
