race_code,round,dem,rep,other,exhausted,eliminated
AK-GOV,1,43.1,48.9,8.0,0.0,
AK-GOV,2,46.46,51.94,0.0,1.6,Other
AK-SEN,1,45.05,46.95,8.0,0.0,
AK-SEN,2,48.41,49.99,0.0,1.6,Other
ME-SEN,1,47.39,47.61,5.0,0.0,
ME-SEN,2,49.49,49.51,0.0,1.0,Other
AK-01,1,44.56,47.44,8.0,0.0,
AK-01,2,47.92,50.48,0.0,1.6,Other
ME-01,1,60.93,34.07,5.0,0.0,
ME-01,2,63.03,35.97,0.0,1.0,Other
ME-02,1,49.4,45.6,5.0,0.0,
ME-02,2,51.5,47.5,0.0,1.0,Other
