race_code,round,dem,rep,other,exhausted,eliminated
AK-GOV,1,41.39,50.61,8.0,0.0,
AK-GOV,2,44.75,53.65,0.0,1.6,Other
AK-SEN,1,43.76,48.24,8.0,0.0,
AK-SEN,2,47.12,51.28,0.0,1.6,Other
ME-SEN,1,46.55,48.45,5.0,0.0,
ME-SEN,2,48.65,50.35,0.0,1.0,Other
AK-01,1,45.13,46.87,8.0,0.0,
AK-01,2,48.49,49.91,0.0,1.6,Other
ME-01,1,60.98,34.02,5.0,0.0,
ME-01,2,63.08,35.92,0.0,1.0,Other
ME-02,1,50.36,44.64,5.0,0.0,
ME-02,2,52.46,46.54,0.0,1.0,Other
