race_code,round,dem,rep,other,exhausted,eliminated
AK-GOV,1,40.87,51.13,8.0,0.0,
AK-GOV,2,44.23,54.17,0.0,1.6,Other
AK-SEN,1,43.76,48.24,8.0,0.0,
AK-SEN,2,47.12,51.28,0.0,1.6,Other
ME-SEN,1,46.38,48.62,5.0,0.0,
ME-SEN,2,48.48,50.52,0.0,1.0,Other
AK-01,1,41.03,50.97,8.0,0.0,
AK-01,2,44.63,53.77,0.0,1.6,Other
ME-01,1,60.23,34.77,5.0,0.0,
ME-01,2,62.33,36.67,0.0,1.0,Other
ME-02,1,44.56,50.44,5.0,0.0,
ME-02,2,46.66,52.34,0.0,1.0,Other
