race_code,round,dem,rep,other,exhausted,eliminated
AK-GOV,1,43.62,48.38,8.0,0.0,
AK-GOV,2,46.98,51.42,0.0,1.6,Other
AK-SEN,1,44.9,47.1,8.0,0.0,
AK-SEN,2,48.26,50.14,0.0,1.6,Other
ME-SEN,1,46.85,48.15,5.0,0.0,
ME-SEN,2,48.95,50.05,0.0,1.0,Other
AK-01,1,45.18,46.82,8.0,0.0,
AK-01,2,48.54,49.86,0.0,1.6,Other
ME-01,1,60.92,34.08,5.0,0.0,
ME-01,2,63.02,35.98,0.0,1.0,Other
ME-02,1,49.48,45.52,5.0,0.0,
ME-02,2,51.58,47.42,0.0,1.0,Other
