race_code,round,dem,rep,other,exhausted,eliminated
AK-GOV,1,41.19,50.81,8.0,0.0,
AK-GOV,2,44.55,53.85,0.0,1.6,Other
AK-SEN,1,44.62,47.38,8.0,0.0,
AK-SEN,2,47.98,50.42,0.0,1.6,Other
ME-SEN,1,47.68,47.32,5.0,0.0,
ME-SEN,2,49.78,49.22,0.0,1.0,Other
AK-01,1,41.54,50.46,8.0,0.0,
AK-01,2,45.14,53.26,0.0,1.6,Other
ME-01,1,61.74,33.26,5.0,0.0,
ME-01,2,63.84,35.16,0.0,1.0,Other
ME-02,1,45.01,49.99,5.0,0.0,
ME-02,2,47.11,51.89,0.0,1.0,Other
