race_code,round,dem,rep,other,exhausted,eliminated
AK-GOV,1,43.63,48.37,8.0,0.0,
AK-GOV,2,46.99,51.41,0.0,1.6,Other
AK-SEN,1,44.63,47.37,8.0,0.0,
AK-SEN,2,47.99,50.41,0.0,1.6,Other
ME-SEN,1,46.79,48.21,5.0,0.0,
ME-SEN,2,48.89,50.11,0.0,1.0,Other
AK-01,1,43.47,48.53,8.0,0.0,
AK-01,2,46.83,51.57,0.0,1.6,Other
ME-01,1,60.26,34.74,5.0,0.0,
ME-01,2,62.36,36.64,0.0,1.0,Other
ME-02,1,48.84,46.16,5.0,0.0,
ME-02,2,50.94,48.06,0.0,1.0,Other
