race_code,round,dem,rep,other,exhausted,eliminated
AK-GOV,1,44.42,47.58,8.0,0.0,
AK-GOV,2,47.78,50.62,0.0,1.6,Other
AK-SEN,1,45.48,46.52,8.0,0.0,
AK-SEN,2,48.84,49.56,0.0,1.6,Other
ME-SEN,1,47.63,47.37,5.0,0.0,
ME-SEN,2,49.73,49.27,0.0,1.0,Other
AK-01,1,44.46,47.54,8.0,0.0,
AK-01,2,47.82,50.58,0.0,1.6,Other
ME-01,1,61.49,33.51,5.0,0.0,
ME-01,2,63.59,35.41,0.0,1.0,Other
ME-02,1,49.84,45.16,5.0,0.0,
ME-02,2,51.94,47.06,0.0,1.0,Other
