race_code,round,dem,rep,other,exhausted,eliminated
AK-GOV,1,41.2,50.8,8.0,0.0,
AK-GOV,2,44.56,53.84,0.0,1.6,Other
AK-SEN,1,44.58,47.42,8.0,0.0,
AK-SEN,2,47.94,50.46,0.0,1.6,Other
ME-SEN,1,47.62,47.38,5.0,0.0,
ME-SEN,2,49.72,49.28,0.0,1.0,Other
AK-01,1,41.62,50.38,8.0,0.0,
AK-01,2,45.22,53.18,0.0,1.6,Other
ME-01,1,60.99,34.01,5.0,0.0,
ME-01,2,63.09,35.91,0.0,1.0,Other
ME-02,1,45.41,49.59,5.0,0.0,
ME-02,2,47.51,51.49,0.0,1.0,Other
