race_code,round,dem,rep,other,exhausted,eliminated
AK-GOV,1,41.67,50.33,8.0,0.0,
AK-GOV,2,45.03,53.37,0.0,1.6,Other
AK-SEN,1,44.09,47.91,8.0,0.0,
AK-SEN,2,47.45,50.95,0.0,1.6,Other
ME-SEN,1,46.92,48.08,5.0,0.0,
ME-SEN,2,49.02,49.98,0.0,1.0,Other
AK-01,1,45.55,46.45,8.0,0.0,
AK-01,2,48.91,49.49,0.0,1.6,Other
ME-01,1,61.32,33.68,5.0,0.0,
ME-01,2,63.42,35.58,0.0,1.0,Other
ME-02,1,50.7,44.3,5.0,0.0,
ME-02,2,52.8,46.2,0.0,1.0,Other
