race_code,round,dem,rep,other,exhausted,eliminated
AK-GOV,1,43.63,48.37,8.0,0.0,
AK-GOV,2,46.99,51.41,0.0,1.6,Other
AK-SEN,1,44.6,47.4,8.0,0.0,
AK-SEN,2,47.96,50.44,0.0,1.6,Other
ME-SEN,1,46.79,48.21,5.0,0.0,
ME-SEN,2,48.89,50.11,0.0,1.0,Other
AK-01,1,43.39,48.61,8.0,0.0,
AK-01,2,46.75,51.65,0.0,1.6,Other
ME-01,1,60.23,34.77,5.0,0.0,
ME-01,2,62.33,36.67,0.0,1.0,Other
ME-02,1,48.81,46.19,5.0,0.0,
ME-02,2,50.91,48.09,0.0,1.0,Other
