race_code,round,dem,rep,other,exhausted,eliminated
AK-GOV,1,41.9,50.1,8.0,0.0,
AK-GOV,2,45.26,53.14,0.0,1.6,Other
AK-SEN,1,45.43,46.57,8.0,0.0,
AK-SEN,2,48.79,49.61,0.0,1.6,Other
ME-SEN,1,48.15,46.85,5.0,0.0,
ME-SEN,2,50.25,48.75,0.0,1.0,Other
AK-01,1,42.44,49.56,8.0,0.0,
AK-01,2,46.04,52.36,0.0,1.6,Other
ME-01,1,61.89,33.11,5.0,0.0,
ME-01,2,63.99,35.01,0.0,1.0,Other
ME-02,1,46.24,48.76,5.0,0.0,
ME-02,2,48.34,50.66,0.0,1.0,Other
