race_code,round,dem,rep,other,exhausted,eliminated
AK-GOV,1,41.89,50.11,8.0,0.0,
AK-GOV,2,45.25,53.15,0.0,1.6,Other
AK-SEN,1,45.46,46.54,8.0,0.0,
AK-SEN,2,48.82,49.58,0.0,1.6,Other
ME-SEN,1,48.22,46.78,5.0,0.0,
ME-SEN,2,50.32,48.68,0.0,1.0,Other
AK-01,1,42.39,49.61,8.0,0.0,
AK-01,2,45.99,52.41,0.0,1.6,Other
ME-01,1,62.68,32.32,5.0,0.0,
ME-01,2,64.78,34.22,0.0,1.0,Other
ME-02,1,45.89,49.11,5.0,0.0,
ME-02,2,47.99,51.01,0.0,1.0,Other
