race_code,round,dem,rep,other,exhausted,eliminated
AK-GOV,1,41.89,50.11,8.0,0.0,
AK-GOV,2,45.25,53.15,0.0,1.6,Other
AK-SEN,1,45.5,46.5,8.0,0.0,
AK-SEN,2,48.86,49.54,0.0,1.6,Other
ME-SEN,1,48.22,46.78,5.0,0.0,
ME-SEN,2,50.32,48.68,0.0,1.0,Other
AK-01,1,42.4,49.6,8.0,0.0,
AK-01,2,46.0,52.4,0.0,1.6,Other
ME-01,1,62.74,32.26,5.0,0.0,
ME-01,2,64.84,34.16,0.0,1.0,Other
ME-02,1,45.94,49.06,5.0,0.0,
ME-02,2,48.04,50.96,0.0,1.0,Other
