race_code,round,dem,rep,other,exhausted,eliminated
AK-GOV,1,43.29,48.71,8.0,0.0,
AK-GOV,2,46.65,51.75,0.0,1.6,Other
AK-SEN,1,45.28,46.72,8.0,0.0,
AK-SEN,2,48.64,49.76,0.0,1.6,Other
ME-SEN,1,47.59,47.41,5.0,0.0,
ME-SEN,2,49.69,49.31,0.0,1.0,Other
AK-01,1,44.84,47.16,8.0,0.0,
AK-01,2,48.2,50.2,0.0,1.6,Other
ME-01,1,61.26,33.74,5.0,0.0,
ME-01,2,63.36,35.64,0.0,1.0,Other
ME-02,1,49.65,45.35,5.0,0.0,
ME-02,2,51.75,47.25,0.0,1.0,Other
