race_code,round,dem,rep,other,exhausted,eliminated
AK-GOV,1,41.65,50.35,8.0,0.0,
AK-GOV,2,45.01,53.39,0.0,1.6,Other
AK-SEN,1,45.15,46.85,8.0,0.0,
AK-SEN,2,48.51,49.89,0.0,1.6,Other
ME-SEN,1,48.05,46.95,5.0,0.0,
ME-SEN,2,50.15,48.85,0.0,1.0,Other
AK-01,1,42.15,49.85,8.0,0.0,
AK-01,2,45.75,52.65,0.0,1.6,Other
ME-01,1,61.57,33.43,5.0,0.0,
ME-01,2,63.67,35.33,0.0,1.0,Other
ME-02,1,45.98,49.02,5.0,0.0,
ME-02,2,48.08,50.92,0.0,1.0,Other
