race_code,round,dem,rep,other,exhausted,eliminated
AK-GOV,1,41.64,50.36,8.0,0.0,
AK-GOV,2,45.0,53.4,0.0,1.6,Other
AK-SEN,1,45.28,46.72,8.0,0.0,
AK-SEN,2,48.64,49.76,0.0,1.6,Other
ME-SEN,1,48.11,46.89,5.0,0.0,
ME-SEN,2,50.21,48.79,0.0,1.0,Other
AK-01,1,42.14,49.86,8.0,0.0,
AK-01,2,45.74,52.66,0.0,1.6,Other
ME-01,1,62.44,32.56,5.0,0.0,
ME-01,2,64.54,34.46,0.0,1.0,Other
ME-02,1,45.69,49.31,5.0,0.0,
ME-02,2,47.79,51.21,0.0,1.0,Other
