race_code,round,dem,rep,other,exhausted,eliminated
AK-GOV,1,42.13,49.87,8.0,0.0,
AK-GOV,2,45.49,52.91,0.0,1.6,Other
AK-SEN,1,44.78,47.22,8.0,0.0,
AK-SEN,2,48.14,50.26,0.0,1.6,Other
ME-SEN,1,47.5,47.5,5.0,0.0,
ME-SEN,2,49.6,49.4,0.0,1.0,Other
AK-01,1,46.32,45.68,8.0,0.0,
AK-01,2,49.68,48.72,0.0,1.6,Other
ME-01,1,62.03,32.97,5.0,0.0,
ME-01,2,64.13,34.87,0.0,1.0,Other
ME-02,1,51.41,43.59,5.0,0.0,
ME-02,2,53.51,45.49,0.0,1.0,Other
