race_code,round,dem,rep,other,exhausted,eliminated
AK-GOV,1,41.55,50.45,8.0,0.0,
AK-GOV,2,44.91,53.49,0.0,1.6,Other
AK-SEN,1,43.91,48.09,8.0,0.0,
AK-SEN,2,47.27,51.13,0.0,1.6,Other
ME-SEN,1,46.75,48.25,5.0,0.0,
ME-SEN,2,48.85,50.15,0.0,1.0,Other
AK-01,1,45.37,46.63,8.0,0.0,
AK-01,2,48.73,49.67,0.0,1.6,Other
ME-01,1,61.13,33.87,5.0,0.0,
ME-01,2,63.23,35.77,0.0,1.0,Other
ME-02,1,50.51,44.49,5.0,0.0,
ME-02,2,52.61,46.39,0.0,1.0,Other
