race_code,round,dem,rep,other,exhausted,eliminated
AK-GOV,1,41.02,50.98,8.0,0.0,
AK-GOV,2,44.38,54.02,0.0,1.6,Other
AK-SEN,1,44.04,47.96,8.0,0.0,
AK-SEN,2,47.4,51.0,0.0,1.6,Other
ME-SEN,1,47.21,47.79,5.0,0.0,
ME-SEN,2,49.31,49.69,0.0,1.0,Other
AK-01,1,41.29,50.71,8.0,0.0,
AK-01,2,44.89,53.51,0.0,1.6,Other
ME-01,1,60.65,34.35,5.0,0.0,
ME-01,2,62.75,36.25,0.0,1.0,Other
ME-02,1,45.12,49.88,5.0,0.0,
ME-02,2,47.22,51.78,0.0,1.0,Other
