race_code,round,dem,rep,other,exhausted,eliminated
AK-GOV,1,41.01,50.99,8.0,0.0,
AK-GOV,2,44.37,54.03,0.0,1.6,Other
AK-SEN,1,44.11,47.89,8.0,0.0,
AK-SEN,2,47.47,50.93,0.0,1.6,Other
ME-SEN,1,47.28,47.72,5.0,0.0,
ME-SEN,2,49.38,49.62,0.0,1.0,Other
AK-01,1,41.31,50.69,8.0,0.0,
AK-01,2,44.91,53.49,0.0,1.6,Other
ME-01,1,61.39,33.61,5.0,0.0,
ME-01,2,63.49,35.51,0.0,1.0,Other
ME-02,1,44.72,50.28,5.0,0.0,
ME-02,2,46.82,52.18,0.0,1.0,Other
