race_code,round,dem,rep,other,exhausted,eliminated
AK-GOV,1,43.53,48.47,8.0,0.0,
AK-GOV,2,46.89,51.51,0.0,1.6,Other
AK-SEN,1,44.24,47.76,8.0,0.0,
AK-SEN,2,47.6,50.8,0.0,1.6,Other
ME-SEN,1,46.42,48.58,5.0,0.0,
ME-SEN,2,48.52,50.48,0.0,1.0,Other
AK-01,1,44.47,47.53,8.0,0.0,
AK-01,2,47.83,50.57,0.0,1.6,Other
ME-01,1,60.03,34.97,5.0,0.0,
ME-01,2,62.13,36.87,0.0,1.0,Other
ME-02,1,48.66,46.34,5.0,0.0,
ME-02,2,50.76,48.24,0.0,1.0,Other
