race_code,round,dem,rep,other,exhausted,eliminated
AK-GOV,1,44.31,47.69,8.0,0.0,
AK-GOV,2,47.67,50.73,0.0,1.6,Other
AK-SEN,1,45.13,46.87,8.0,0.0,
AK-SEN,2,48.49,49.91,0.0,1.6,Other
ME-SEN,1,47.28,47.72,5.0,0.0,
ME-SEN,2,49.38,49.62,0.0,1.0,Other
AK-01,1,45.62,46.38,8.0,0.0,
AK-01,2,48.98,49.42,0.0,1.6,Other
ME-01,1,61.23,33.77,5.0,0.0,
ME-01,2,63.33,35.67,0.0,1.0,Other
ME-02,1,49.64,45.36,5.0,0.0,
ME-02,2,51.74,47.26,0.0,1.0,Other
