race_code,round,dem,rep,other,exhausted,eliminated
AK-GOV,1,41.11,50.89,8.0,0.0,
AK-GOV,2,44.47,53.93,0.0,1.6,Other
AK-SEN,1,44.54,47.46,8.0,0.0,
AK-SEN,2,47.9,50.5,0.0,1.6,Other
ME-SEN,1,47.48,47.52,5.0,0.0,
ME-SEN,2,49.58,49.42,0.0,1.0,Other
AK-01,1,41.49,50.51,8.0,0.0,
AK-01,2,45.09,53.31,0.0,1.6,Other
ME-01,1,61.7,33.3,5.0,0.0,
ME-01,2,63.8,35.2,0.0,1.0,Other
ME-02,1,44.98,50.02,5.0,0.0,
ME-02,2,47.08,51.92,0.0,1.0,Other
