race_code,round,dem,rep,other,exhausted,eliminated
AK-GOV,1,41.11,50.89,8.0,0.0,
AK-GOV,2,44.47,53.93,0.0,1.6,Other
AK-SEN,1,44.49,47.51,8.0,0.0,
AK-SEN,2,47.85,50.55,0.0,1.6,Other
ME-SEN,1,47.41,47.59,5.0,0.0,
ME-SEN,2,49.51,49.49,0.0,1.0,Other
AK-01,1,41.55,50.45,8.0,0.0,
AK-01,2,45.15,53.25,0.0,1.6,Other
ME-01,1,60.79,34.21,5.0,0.0,
ME-01,2,62.89,36.11,0.0,1.0,Other
ME-02,1,45.24,49.76,5.0,0.0,
ME-02,2,47.34,51.66,0.0,1.0,Other
