race_code,round,dem,rep,other,exhausted,eliminated
AK-GOV,1,41.67,50.33,8.0,0.0,
AK-GOV,2,45.03,53.37,0.0,1.6,Other
AK-SEN,1,45.24,46.76,8.0,0.0,
AK-SEN,2,48.6,49.8,0.0,1.6,Other
ME-SEN,1,48.12,46.88,5.0,0.0,
ME-SEN,2,50.22,48.78,0.0,1.0,Other
AK-01,1,42.18,49.82,8.0,0.0,
AK-01,2,45.78,52.62,0.0,1.6,Other
ME-01,1,61.62,33.38,5.0,0.0,
ME-01,2,63.72,35.28,0.0,1.0,Other
ME-02,1,46.02,48.98,5.0,0.0,
ME-02,2,48.12,50.88,0.0,1.0,Other
