race_code,round,dem,rep,other,exhausted,eliminated
AK-GOV,1,42.15,49.85,8.0,0.0,
AK-GOV,2,45.51,52.89,0.0,1.6,Other
AK-SEN,1,44.81,47.19,8.0,0.0,
AK-SEN,2,48.17,50.23,0.0,1.6,Other
ME-SEN,1,47.53,47.47,5.0,0.0,
ME-SEN,2,49.63,49.37,0.0,1.0,Other
AK-01,1,46.38,45.62,8.0,0.0,
AK-01,2,49.74,48.66,0.0,1.6,Other
ME-01,1,62.05,32.95,5.0,0.0,
ME-01,2,64.15,34.85,0.0,1.0,Other
ME-02,1,51.43,43.57,5.0,0.0,
ME-02,2,53.53,45.47,0.0,1.0,Other
