race_code,round,dem,rep,other,exhausted,eliminated
AK-GOV,1,43.12,48.88,8.0,0.0,
AK-GOV,2,46.48,51.92,0.0,1.6,Other
AK-SEN,1,45.11,46.89,8.0,0.0,
AK-SEN,2,48.47,49.93,0.0,1.6,Other
ME-SEN,1,47.41,47.59,5.0,0.0,
ME-SEN,2,49.51,49.49,0.0,1.0,Other
AK-01,1,43.83,48.17,8.0,0.0,
AK-01,2,47.19,51.21,0.0,1.6,Other
ME-01,1,60.95,34.05,5.0,0.0,
ME-01,2,63.05,35.95,0.0,1.0,Other
ME-02,1,49.42,45.58,5.0,0.0,
ME-02,2,51.52,47.48,0.0,1.0,Other
