race_code,round,dem,rep,other,exhausted,eliminated
AK-GOV,1,43.89,48.11,8.0,0.0,
AK-GOV,2,47.25,51.15,0.0,1.6,Other
AK-SEN,1,45.94,46.06,8.0,0.0,
AK-SEN,2,49.3,49.1,0.0,1.6,Other
ME-SEN,1,48.24,46.76,5.0,0.0,
ME-SEN,2,50.34,48.66,0.0,1.0,Other
AK-01,1,44.86,47.14,8.0,0.0,
AK-01,2,48.22,50.18,0.0,1.6,Other
ME-01,1,62.19,32.81,5.0,0.0,
ME-01,2,64.29,34.71,0.0,1.0,Other
ME-02,1,50.4,44.6,5.0,0.0,
ME-02,2,52.5,46.5,0.0,1.0,Other
