race_code,round,dem,rep,other,exhausted,eliminated
AK-GOV,1,43.12,48.88,8.0,0.0,
AK-GOV,2,46.48,51.92,0.0,1.6,Other
AK-SEN,1,45.07,46.93,8.0,0.0,
AK-SEN,2,48.43,49.97,0.0,1.6,Other
ME-SEN,1,47.41,47.59,5.0,0.0,
ME-SEN,2,49.51,49.49,0.0,1.0,Other
AK-01,1,43.82,48.18,8.0,0.0,
AK-01,2,47.18,51.22,0.0,1.6,Other
ME-01,1,60.94,34.06,5.0,0.0,
ME-01,2,63.04,35.96,0.0,1.0,Other
ME-02,1,49.41,45.59,5.0,0.0,
ME-02,2,51.51,47.49,0.0,1.0,Other
