race_code,round,dem,rep,other,exhausted,eliminated
AK-GOV,1,41.44,50.56,8.0,0.0,
AK-GOV,2,44.8,53.6,0.0,1.6,Other
AK-SEN,1,43.89,48.11,8.0,0.0,
AK-SEN,2,47.25,51.15,0.0,1.6,Other
ME-SEN,1,46.62,48.38,5.0,0.0,
ME-SEN,2,48.72,50.28,0.0,1.0,Other
AK-01,1,45.32,46.68,8.0,0.0,
AK-01,2,48.68,49.72,0.0,1.6,Other
ME-01,1,60.98,34.02,5.0,0.0,
ME-01,2,63.08,35.92,0.0,1.0,Other
ME-02,1,50.36,44.64,5.0,0.0,
ME-02,2,52.46,46.54,0.0,1.0,Other
