race_code,round,dem,rep,other,exhausted,eliminated
AK-GOV,1,42.86,49.14,8.0,0.0,
AK-GOV,2,46.22,52.18,0.0,1.6,Other
AK-SEN,1,44.02,47.98,8.0,0.0,
AK-SEN,2,47.38,51.02,0.0,1.6,Other
ME-SEN,1,45.97,49.03,5.0,0.0,
ME-SEN,2,48.07,50.93,0.0,1.0,Other
AK-01,1,44.06,47.94,8.0,0.0,
AK-01,2,47.42,50.98,0.0,1.6,Other
ME-01,1,59.75,35.25,5.0,0.0,
ME-01,2,61.85,37.15,0.0,1.0,Other
ME-02,1,48.5,46.5,5.0,0.0,
ME-02,2,50.6,48.4,0.0,1.0,Other
