race_code,round,dem,rep,other,exhausted,eliminated
AK-GOV,1,40.9,51.1,8.0,0.0,
AK-GOV,2,44.26,54.14,0.0,1.6,Other
AK-SEN,1,43.94,48.06,8.0,0.0,
AK-SEN,2,47.3,51.1,0.0,1.6,Other
ME-SEN,1,46.54,48.46,5.0,0.0,
ME-SEN,2,48.64,50.36,0.0,1.0,Other
AK-01,1,41.15,50.85,8.0,0.0,
AK-01,2,44.75,53.65,0.0,1.6,Other
ME-01,1,61.13,33.87,5.0,0.0,
ME-01,2,63.23,35.77,0.0,1.0,Other
ME-02,1,44.29,50.71,5.0,0.0,
ME-02,2,46.39,52.61,0.0,1.0,Other
