race_code,round,dem,rep,other,exhausted,eliminated
AK-GOV,1,43.09,48.91,8.0,0.0,
AK-GOV,2,46.45,51.95,0.0,1.6,Other
AK-SEN,1,45.07,46.93,8.0,0.0,
AK-SEN,2,48.43,49.97,0.0,1.6,Other
ME-SEN,1,47.24,47.76,5.0,0.0,
ME-SEN,2,49.34,49.66,0.0,1.0,Other
AK-01,1,43.84,48.16,8.0,0.0,
AK-01,2,47.2,51.2,0.0,1.6,Other
ME-01,1,60.87,34.13,5.0,0.0,
ME-01,2,62.97,36.03,0.0,1.0,Other
ME-02,1,49.36,45.64,5.0,0.0,
ME-02,2,51.46,47.54,0.0,1.0,Other
