race_code,round,dem,rep,other,exhausted,eliminated
AK-GOV,1,41.64,50.36,8.0,0.0,
AK-GOV,2,45.0,53.4,0.0,1.6,Other
AK-SEN,1,45.14,46.86,8.0,0.0,
AK-SEN,2,48.5,49.9,0.0,1.6,Other
ME-SEN,1,47.99,47.01,5.0,0.0,
ME-SEN,2,50.09,48.91,0.0,1.0,Other
AK-01,1,42.03,49.97,8.0,0.0,
AK-01,2,45.63,52.77,0.0,1.6,Other
ME-01,1,61.53,33.47,5.0,0.0,
ME-01,2,63.63,35.37,0.0,1.0,Other
ME-02,1,45.94,49.06,5.0,0.0,
ME-02,2,48.04,50.96,0.0,1.0,Other
