race_code,round,dem,rep,other,exhausted,eliminated
AK-GOV,1,41.63,50.37,8.0,0.0,
AK-GOV,2,44.99,53.41,0.0,1.6,Other
AK-SEN,1,45.23,46.77,8.0,0.0,
AK-SEN,2,48.59,49.81,0.0,1.6,Other
ME-SEN,1,48.06,46.94,5.0,0.0,
ME-SEN,2,50.16,48.84,0.0,1.0,Other
AK-01,1,42.12,49.88,8.0,0.0,
AK-01,2,45.72,52.68,0.0,1.6,Other
ME-01,1,62.28,32.72,5.0,0.0,
ME-01,2,64.38,34.62,0.0,1.0,Other
ME-02,1,45.56,49.44,5.0,0.0,
ME-02,2,47.66,51.34,0.0,1.0,Other
