race_code,round,dem,rep,other,exhausted,eliminated
AK-GOV,1,42.11,49.89,8.0,0.0,
AK-GOV,2,45.47,52.93,0.0,1.6,Other
AK-SEN,1,44.72,47.28,8.0,0.0,
AK-SEN,2,48.08,50.32,0.0,1.6,Other
ME-SEN,1,47.48,47.52,5.0,0.0,
ME-SEN,2,49.58,49.42,0.0,1.0,Other
AK-01,1,46.25,45.75,8.0,0.0,
AK-01,2,49.61,48.79,0.0,1.6,Other
ME-01,1,62.0,33.0,5.0,0.0,
ME-01,2,64.1,34.9,0.0,1.0,Other
ME-02,1,51.38,43.62,5.0,0.0,
ME-02,2,53.48,45.52,0.0,1.0,Other
