race_code,round,dem,rep,other,exhausted,eliminated
AK-GOV,1,43.86,48.14,8.0,0.0,
AK-GOV,2,47.22,51.18,0.0,1.6,Other
AK-SEN,1,45.96,46.04,8.0,0.0,
AK-SEN,2,49.32,49.08,0.0,1.6,Other
ME-SEN,1,48.07,46.93,5.0,0.0,
ME-SEN,2,50.17,48.83,0.0,1.0,Other
AK-01,1,44.9,47.1,8.0,0.0,
AK-01,2,48.26,50.14,0.0,1.6,Other
ME-01,1,62.15,32.85,5.0,0.0,
ME-01,2,64.25,34.75,0.0,1.0,Other
ME-02,1,50.37,44.63,5.0,0.0,
ME-02,2,52.47,46.53,0.0,1.0,Other
