race_code,round,dem,rep,other,exhausted,eliminated
AK-GOV,1,43.68,48.32,8.0,0.0,
AK-GOV,2,47.04,51.36,0.0,1.6,Other
AK-SEN,1,44.96,47.04,8.0,0.0,
AK-SEN,2,48.32,50.08,0.0,1.6,Other
ME-SEN,1,46.92,48.08,5.0,0.0,
ME-SEN,2,49.02,49.98,0.0,1.0,Other
AK-01,1,45.22,46.78,8.0,0.0,
AK-01,2,48.58,49.82,0.0,1.6,Other
ME-01,1,61.1,33.9,5.0,0.0,
ME-01,2,63.2,35.8,0.0,1.0,Other
ME-02,1,49.63,45.37,5.0,0.0,
ME-02,2,51.73,47.27,0.0,1.0,Other
