race_code,round,dem,rep,other,exhausted,eliminated
AK-GOV,1,41.46,50.54,8.0,0.0,
AK-GOV,2,44.82,53.58,0.0,1.6,Other
AK-SEN,1,43.89,48.11,8.0,0.0,
AK-SEN,2,47.25,51.15,0.0,1.6,Other
ME-SEN,1,46.64,48.36,5.0,0.0,
ME-SEN,2,48.74,50.26,0.0,1.0,Other
AK-01,1,45.37,46.63,8.0,0.0,
AK-01,2,48.73,49.67,0.0,1.6,Other
ME-01,1,60.96,34.04,5.0,0.0,
ME-01,2,63.06,35.94,0.0,1.0,Other
ME-02,1,50.34,44.66,5.0,0.0,
ME-02,2,52.44,46.56,0.0,1.0,Other
