race_code,round,dem,rep,other,exhausted,eliminated
AK-GOV,1,42.87,49.13,8.0,0.0,
AK-GOV,2,46.23,52.17,0.0,1.6,Other
AK-SEN,1,44.11,47.89,8.0,0.0,
AK-SEN,2,47.47,50.93,0.0,1.6,Other
ME-SEN,1,46.02,48.98,5.0,0.0,
ME-SEN,2,48.12,50.88,0.0,1.0,Other
AK-01,1,44.16,47.84,8.0,0.0,
AK-01,2,47.52,50.88,0.0,1.6,Other
ME-01,1,59.91,35.09,5.0,0.0,
ME-01,2,62.01,36.99,0.0,1.0,Other
ME-02,1,48.63,46.37,5.0,0.0,
ME-02,2,50.73,48.27,0.0,1.0,Other
