race_code,round,dem,rep,other,exhausted,eliminated
AK-GOV,1,42.87,49.13,8.0,0.0,
AK-GOV,2,46.23,52.17,0.0,1.6,Other
AK-SEN,1,44.07,47.93,8.0,0.0,
AK-SEN,2,47.43,50.97,0.0,1.6,Other
ME-SEN,1,46.02,48.98,5.0,0.0,
ME-SEN,2,48.12,50.88,0.0,1.0,Other
AK-01,1,44.09,47.91,8.0,0.0,
AK-01,2,47.45,50.95,0.0,1.6,Other
ME-01,1,59.76,35.24,5.0,0.0,
ME-01,2,61.86,37.14,0.0,1.0,Other
ME-02,1,48.51,46.49,5.0,0.0,
ME-02,2,50.61,48.39,0.0,1.0,Other
