race_code,round,dem,rep,other,exhausted,eliminated
AK-GOV,1,41.9,50.1,8.0,0.0,
AK-GOV,2,45.26,53.14,0.0,1.6,Other
AK-SEN,1,45.51,46.49,8.0,0.0,
AK-SEN,2,48.87,49.53,0.0,1.6,Other
ME-SEN,1,48.22,46.78,5.0,0.0,
ME-SEN,2,50.32,48.68,0.0,1.0,Other
AK-01,1,42.43,49.57,8.0,0.0,
AK-01,2,46.03,52.37,0.0,1.6,Other
ME-01,1,62.67,32.33,5.0,0.0,
ME-01,2,64.77,34.23,0.0,1.0,Other
ME-02,1,45.58,49.42,5.0,0.0,
ME-02,2,47.68,51.32,0.0,1.0,Other
