race_code,round,dem,rep,other,exhausted,eliminated
AK-GOV,1,41.46,50.54,8.0,0.0,
AK-GOV,2,44.82,53.58,0.0,1.6,Other
AK-SEN,1,43.91,48.09,8.0,0.0,
AK-SEN,2,47.27,51.13,0.0,1.6,Other
ME-SEN,1,46.64,48.36,5.0,0.0,
ME-SEN,2,48.74,50.26,0.0,1.0,Other
AK-01,1,45.45,46.55,8.0,0.0,
AK-01,2,48.81,49.59,0.0,1.6,Other
ME-01,1,61.0,34.0,5.0,0.0,
ME-01,2,63.1,35.9,0.0,1.0,Other
ME-02,1,50.38,44.62,5.0,0.0,
ME-02,2,52.48,46.52,0.0,1.0,Other
