race_code,round,dem,rep,other,exhausted,eliminated
AK-GOV,1,42.87,49.13,8.0,0.0,
AK-GOV,2,46.23,52.17,0.0,1.6,Other
AK-SEN,1,44.04,47.96,8.0,0.0,
AK-SEN,2,47.4,51.0,0.0,1.6,Other
ME-SEN,1,45.98,49.02,5.0,0.0,
ME-SEN,2,48.08,50.92,0.0,1.0,Other
AK-01,1,44.03,47.97,8.0,0.0,
AK-01,2,47.39,51.01,0.0,1.6,Other
ME-01,1,59.82,35.18,5.0,0.0,
ME-01,2,61.92,37.08,0.0,1.0,Other
ME-02,1,48.55,46.45,5.0,0.0,
ME-02,2,50.65,48.35,0.0,1.0,Other
