race_code,round,dem,rep,other,exhausted,eliminated
AK-GOV,1,43.68,48.32,8.0,0.0,
AK-GOV,2,47.04,51.36,0.0,1.6,Other
AK-SEN,1,45.04,46.96,8.0,0.0,
AK-SEN,2,48.4,50.0,0.0,1.6,Other
ME-SEN,1,46.87,48.13,5.0,0.0,
ME-SEN,2,48.97,50.03,0.0,1.0,Other
AK-01,1,45.31,46.69,8.0,0.0,
AK-01,2,48.67,49.73,0.0,1.6,Other
ME-01,1,61.07,33.93,5.0,0.0,
ME-01,2,63.17,35.83,0.0,1.0,Other
ME-02,1,49.61,45.39,5.0,0.0,
ME-02,2,51.71,47.29,0.0,1.0,Other
