race_code,round,dem,rep,other,exhausted,eliminated
AK-GOV,1,44.39,47.61,8.0,0.0,
AK-GOV,2,47.75,50.65,0.0,1.6,Other
AK-SEN,1,45.49,46.51,8.0,0.0,
AK-SEN,2,48.85,49.55,0.0,1.6,Other
ME-SEN,1,47.62,47.38,5.0,0.0,
ME-SEN,2,49.72,49.28,0.0,1.0,Other
AK-01,1,44.51,47.49,8.0,0.0,
AK-01,2,47.87,50.53,0.0,1.6,Other
ME-01,1,61.46,33.54,5.0,0.0,
ME-01,2,63.56,35.44,0.0,1.0,Other
ME-02,1,49.81,45.19,5.0,0.0,
ME-02,2,51.91,47.09,0.0,1.0,Other
