race_code,round,dem,rep,other,exhausted,eliminated
AK-GOV,1,43.6,48.4,8.0,0.0,
AK-GOV,2,46.96,51.44,0.0,1.6,Other
AK-SEN,1,44.61,47.39,8.0,0.0,
AK-SEN,2,47.97,50.43,0.0,1.6,Other
ME-SEN,1,46.77,48.23,5.0,0.0,
ME-SEN,2,48.87,50.13,0.0,1.0,Other
AK-01,1,43.47,48.53,8.0,0.0,
AK-01,2,46.83,51.57,0.0,1.6,Other
ME-01,1,60.2,34.8,5.0,0.0,
ME-01,2,62.3,36.7,0.0,1.0,Other
ME-02,1,48.79,46.21,5.0,0.0,
ME-02,2,50.89,48.11,0.0,1.0,Other
