race_code,round,dem,rep,other,exhausted,eliminated
AK-GOV,1,43.57,48.43,8.0,0.0,
AK-GOV,2,46.93,51.47,0.0,1.6,Other
AK-SEN,1,44.32,47.68,8.0,0.0,
AK-SEN,2,47.68,50.72,0.0,1.6,Other
ME-SEN,1,46.47,48.53,5.0,0.0,
ME-SEN,2,48.57,50.43,0.0,1.0,Other
AK-01,1,44.6,47.4,8.0,0.0,
AK-01,2,47.96,50.44,0.0,1.6,Other
ME-01,1,60.05,34.95,5.0,0.0,
ME-01,2,62.15,36.85,0.0,1.0,Other
ME-02,1,48.68,46.32,5.0,0.0,
ME-02,2,50.78,48.22,0.0,1.0,Other
