race_code,round,dem,rep,other,exhausted,eliminated
AK-GOV,1,43.57,48.43,8.0,0.0,
AK-GOV,2,46.93,51.47,0.0,1.6,Other
AK-SEN,1,44.25,47.75,8.0,0.0,
AK-SEN,2,47.61,50.79,0.0,1.6,Other
ME-SEN,1,46.47,48.53,5.0,0.0,
ME-SEN,2,48.57,50.43,0.0,1.0,Other
AK-01,1,44.49,47.51,8.0,0.0,
AK-01,2,47.85,50.55,0.0,1.6,Other
ME-01,1,60.15,34.85,5.0,0.0,
ME-01,2,62.25,36.75,0.0,1.0,Other
ME-02,1,48.75,46.25,5.0,0.0,
ME-02,2,50.85,48.15,0.0,1.0,Other
