race_code,round,dem,rep,other,exhausted,eliminated
AK-GOV,1,41.6,50.4,8.0,0.0,
AK-GOV,2,44.96,53.44,0.0,1.6,Other
AK-SEN,1,44.12,47.88,8.0,0.0,
AK-SEN,2,47.48,50.92,0.0,1.6,Other
ME-SEN,1,46.81,48.19,5.0,0.0,
ME-SEN,2,48.91,50.09,0.0,1.0,Other
AK-01,1,45.51,46.49,8.0,0.0,
AK-01,2,48.87,49.53,0.0,1.6,Other
ME-01,1,61.26,33.74,5.0,0.0,
ME-01,2,63.36,35.64,0.0,1.0,Other
ME-02,1,50.64,44.36,5.0,0.0,
ME-02,2,52.74,46.26,0.0,1.0,Other
