race_code,round,dem,rep,other,exhausted,eliminated
AK-GOV,1,41.07,50.93,8.0,0.0,
AK-GOV,2,44.43,53.97,0.0,1.6,Other
AK-SEN,1,44.08,47.92,8.0,0.0,
AK-SEN,2,47.44,50.96,0.0,1.6,Other
ME-SEN,1,47.26,47.74,5.0,0.0,
ME-SEN,2,49.36,49.64,0.0,1.0,Other
AK-01,1,41.37,50.63,8.0,0.0,
AK-01,2,44.97,53.43,0.0,1.6,Other
ME-01,1,60.67,34.33,5.0,0.0,
ME-01,2,62.77,36.23,0.0,1.0,Other
ME-02,1,45.14,49.86,5.0,0.0,
ME-02,2,47.24,51.76,0.0,1.0,Other
