race_code,round,dem,rep,other,exhausted,eliminated
AK-GOV,1,40.92,51.08,8.0,0.0,
AK-GOV,2,44.28,54.12,0.0,1.6,Other
AK-SEN,1,43.95,48.05,8.0,0.0,
AK-SEN,2,47.31,51.09,0.0,1.6,Other
ME-SEN,1,46.49,48.51,5.0,0.0,
ME-SEN,2,48.59,50.41,0.0,1.0,Other
AK-01,1,41.13,50.87,8.0,0.0,
AK-01,2,44.73,53.67,0.0,1.6,Other
ME-01,1,60.35,34.65,5.0,0.0,
ME-01,2,62.45,36.55,0.0,1.0,Other
ME-02,1,44.66,50.34,5.0,0.0,
ME-02,2,46.76,52.24,0.0,1.0,Other
