race_code,round,dem,rep,other,exhausted,eliminated
AK-GOV,1,41.46,50.54,8.0,0.0,
AK-GOV,2,44.82,53.58,0.0,1.6,Other
AK-SEN,1,43.9,48.1,8.0,0.0,
AK-SEN,2,47.26,51.14,0.0,1.6,Other
ME-SEN,1,46.64,48.36,5.0,0.0,
ME-SEN,2,48.74,50.26,0.0,1.0,Other
AK-01,1,45.34,46.66,8.0,0.0,
AK-01,2,48.7,49.7,0.0,1.6,Other
ME-01,1,61.02,33.98,5.0,0.0,
ME-01,2,63.12,35.88,0.0,1.0,Other
ME-02,1,50.4,44.6,5.0,0.0,
ME-02,2,52.5,46.5,0.0,1.0,Other
