race_code,round,dem,rep,other,exhausted,eliminated
AK-GOV,1,40.92,51.08,8.0,0.0,
AK-GOV,2,44.28,54.12,0.0,1.6,Other
AK-SEN,1,43.98,48.02,8.0,0.0,
AK-SEN,2,47.34,51.06,0.0,1.6,Other
ME-SEN,1,46.56,48.44,5.0,0.0,
ME-SEN,2,48.66,50.34,0.0,1.0,Other
AK-01,1,41.21,50.79,8.0,0.0,
AK-01,2,44.81,53.59,0.0,1.6,Other
ME-01,1,61.14,33.86,5.0,0.0,
ME-01,2,63.24,35.76,0.0,1.0,Other
ME-02,1,44.3,50.7,5.0,0.0,
ME-02,2,46.4,52.6,0.0,1.0,Other
