race_code,round,dem,rep,other,exhausted,eliminated
AK-GOV,1,41.5,50.5,8.0,0.0,
AK-GOV,2,44.86,53.54,0.0,1.6,Other
AK-SEN,1,43.91,48.09,8.0,0.0,
AK-SEN,2,47.27,51.13,0.0,1.6,Other
ME-SEN,1,46.7,48.3,5.0,0.0,
ME-SEN,2,48.8,50.2,0.0,1.0,Other
AK-01,1,45.28,46.72,8.0,0.0,
AK-01,2,48.64,49.76,0.0,1.6,Other
ME-01,1,61.09,33.91,5.0,0.0,
ME-01,2,63.19,35.81,0.0,1.0,Other
ME-02,1,50.47,44.53,5.0,0.0,
ME-02,2,52.57,46.43,0.0,1.0,Other
