race_code,round,dem,rep,other,exhausted,eliminated
AK-GOV,1,40.96,51.04,8.0,0.0,
AK-GOV,2,44.32,54.08,0.0,1.6,Other
AK-SEN,1,44.01,47.99,8.0,0.0,
AK-SEN,2,47.37,51.03,0.0,1.6,Other
ME-SEN,1,47.27,47.73,5.0,0.0,
ME-SEN,2,49.37,49.63,0.0,1.0,Other
AK-01,1,41.14,50.86,8.0,0.0,
AK-01,2,44.74,53.66,0.0,1.6,Other
ME-01,1,61.32,33.68,5.0,0.0,
ME-01,2,63.42,35.58,0.0,1.0,Other
ME-02,1,44.66,50.34,5.0,0.0,
ME-02,2,46.76,52.24,0.0,1.0,Other
