race_code,round,dem,rep,other,exhausted,eliminated
AK-GOV,1,43.49,48.51,8.0,0.0,
AK-GOV,2,46.85,51.55,0.0,1.6,Other
AK-SEN,1,44.17,47.83,8.0,0.0,
AK-SEN,2,47.53,50.87,0.0,1.6,Other
ME-SEN,1,46.45,48.55,5.0,0.0,
ME-SEN,2,48.55,50.45,0.0,1.0,Other
AK-01,1,44.35,47.65,8.0,0.0,
AK-01,2,47.71,50.69,0.0,1.6,Other
ME-01,1,59.98,35.02,5.0,0.0,
ME-01,2,62.08,36.92,0.0,1.0,Other
ME-02,1,48.62,46.38,5.0,0.0,
ME-02,2,50.72,48.28,0.0,1.0,Other
