race_code,round,dem,rep,other,exhausted,eliminated
AK-GOV,1,41.9,50.1,8.0,0.0,
AK-GOV,2,45.26,53.14,0.0,1.6,Other
AK-SEN,1,45.5,46.5,8.0,0.0,
AK-SEN,2,48.86,49.54,0.0,1.6,Other
ME-SEN,1,48.23,46.77,5.0,0.0,
ME-SEN,2,50.33,48.67,0.0,1.0,Other
AK-01,1,42.4,49.6,8.0,0.0,
AK-01,2,46.0,52.4,0.0,1.6,Other
ME-01,1,62.78,32.22,5.0,0.0,
ME-01,2,64.88,34.12,0.0,1.0,Other
ME-02,1,44.99,50.01,5.0,0.0,
ME-02,2,47.09,51.91,0.0,1.0,Other
