race_code,round,dem,rep,other,exhausted,eliminated
AK-GOV,1,42.84,49.16,8.0,0.0,
AK-GOV,2,46.2,52.2,0.0,1.6,Other
AK-SEN,1,44.06,47.94,8.0,0.0,
AK-SEN,2,47.42,50.98,0.0,1.6,Other
ME-SEN,1,45.98,49.02,5.0,0.0,
ME-SEN,2,48.08,50.92,0.0,1.0,Other
AK-01,1,44.04,47.96,8.0,0.0,
AK-01,2,47.4,51.0,0.0,1.6,Other
ME-01,1,59.77,35.23,5.0,0.0,
ME-01,2,61.87,37.13,0.0,1.0,Other
ME-02,1,48.51,46.49,5.0,0.0,
ME-02,2,50.61,48.39,0.0,1.0,Other
