race_code,round,dem,rep,other,exhausted,eliminated
AK-GOV,1,42.84,49.16,8.0,0.0,
AK-GOV,2,46.2,52.2,0.0,1.6,Other
AK-SEN,1,44.07,47.93,8.0,0.0,
AK-SEN,2,47.43,50.97,0.0,1.6,Other
ME-SEN,1,45.98,49.02,5.0,0.0,
ME-SEN,2,48.08,50.92,0.0,1.0,Other
AK-01,1,44.05,47.95,8.0,0.0,
AK-01,2,47.41,50.99,0.0,1.6,Other
ME-01,1,59.68,35.32,5.0,0.0,
ME-01,2,61.78,37.22,0.0,1.0,Other
ME-02,1,48.44,46.56,5.0,0.0,
ME-02,2,50.54,48.46,0.0,1.0,Other
