race_code,round,dem,rep,other,exhausted,eliminated
AK-GOV,1,40.88,51.12,8.0,0.0,
AK-GOV,2,44.24,54.16,0.0,1.6,Other
AK-SEN,1,43.94,48.06,8.0,0.0,
AK-SEN,2,47.3,51.1,0.0,1.6,Other
ME-SEN,1,46.48,48.52,5.0,0.0,
ME-SEN,2,48.58,50.42,0.0,1.0,Other
AK-01,1,41.09,50.91,8.0,0.0,
AK-01,2,44.69,53.71,0.0,1.6,Other
ME-01,1,61.07,33.93,5.0,0.0,
ME-01,2,63.17,35.83,0.0,1.0,Other
ME-02,1,43.21,51.79,5.0,0.0,
ME-02,2,45.31,53.69,0.0,1.0,Other
