race_code,round,dem,rep,other,exhausted,eliminated
AK-GOV,1,41.42,50.58,8.0,0.0,
AK-GOV,2,44.78,53.62,0.0,1.6,Other
AK-SEN,1,43.87,48.13,8.0,0.0,
AK-SEN,2,47.23,51.17,0.0,1.6,Other
ME-SEN,1,46.59,48.41,5.0,0.0,
ME-SEN,2,48.69,50.31,0.0,1.0,Other
AK-01,1,45.31,46.69,8.0,0.0,
AK-01,2,48.67,49.73,0.0,1.6,Other
ME-01,1,60.97,34.03,5.0,0.0,
ME-01,2,63.07,35.93,0.0,1.0,Other
ME-02,1,50.35,44.65,5.0,0.0,
ME-02,2,52.45,46.55,0.0,1.0,Other
