race_code,round,dem,rep,other,exhausted,eliminated
AK-GOV,1,41.43,50.57,8.0,0.0,
AK-GOV,2,44.79,53.61,0.0,1.6,Other
AK-SEN,1,43.87,48.13,8.0,0.0,
AK-SEN,2,47.23,51.17,0.0,1.6,Other
ME-SEN,1,46.6,48.4,5.0,0.0,
ME-SEN,2,48.7,50.3,0.0,1.0,Other
AK-01,1,45.29,46.71,8.0,0.0,
AK-01,2,48.65,49.75,0.0,1.6,Other
ME-01,1,60.93,34.07,5.0,0.0,
ME-01,2,63.03,35.97,0.0,1.0,Other
ME-02,1,50.31,44.69,5.0,0.0,
ME-02,2,52.41,46.59,0.0,1.0,Other
