race_code,round,dem,rep,other,exhausted,eliminated
AK-GOV,1,43.65,48.35,8.0,0.0,
AK-GOV,2,47.01,51.39,0.0,1.6,Other
AK-SEN,1,44.92,47.08,8.0,0.0,
AK-SEN,2,48.28,50.12,0.0,1.6,Other
ME-SEN,1,46.84,48.16,5.0,0.0,
ME-SEN,2,48.94,50.06,0.0,1.0,Other
AK-01,1,45.15,46.85,8.0,0.0,
AK-01,2,48.51,49.89,0.0,1.6,Other
ME-01,1,61.03,33.97,5.0,0.0,
ME-01,2,63.13,35.87,0.0,1.0,Other
ME-02,1,49.57,45.43,5.0,0.0,
ME-02,2,51.67,47.33,0.0,1.0,Other
