race_code,round,dem,rep,other,exhausted,eliminated
AK-GOV,1,40.89,51.11,8.0,0.0,
AK-GOV,2,44.25,54.15,0.0,1.6,Other
AK-SEN,1,43.94,48.06,8.0,0.0,
AK-SEN,2,47.3,51.1,0.0,1.6,Other
ME-SEN,1,46.54,48.46,5.0,0.0,
ME-SEN,2,48.64,50.36,0.0,1.0,Other
AK-01,1,41.13,50.87,8.0,0.0,
AK-01,2,44.73,53.67,0.0,1.6,Other
ME-01,1,61.14,33.86,5.0,0.0,
ME-01,2,63.24,35.76,0.0,1.0,Other
ME-02,1,44.3,50.7,5.0,0.0,
ME-02,2,46.4,52.6,0.0,1.0,Other
