race_code,round,dem,rep,other,exhausted,eliminated
AK-GOV,1,43.88,48.12,8.0,0.0,
AK-GOV,2,47.24,51.16,0.0,1.6,Other
AK-SEN,1,45.86,46.14,8.0,0.0,
AK-SEN,2,49.22,49.18,0.0,1.6,Other
ME-SEN,1,48.1,46.9,5.0,0.0,
ME-SEN,2,50.2,48.8,0.0,1.0,Other
AK-01,1,44.73,47.27,8.0,0.0,
AK-01,2,48.09,50.31,0.0,1.6,Other
ME-01,1,62.14,32.86,5.0,0.0,
ME-01,2,64.24,34.76,0.0,1.0,Other
ME-02,1,50.36,44.64,5.0,0.0,
ME-02,2,52.46,46.54,0.0,1.0,Other
