race_code,round,dem,rep,other,exhausted,eliminated
AK-GOV,1,42.14,49.86,8.0,0.0,
AK-GOV,2,45.5,52.9,0.0,1.6,Other
AK-SEN,1,44.67,47.33,8.0,0.0,
AK-SEN,2,48.03,50.37,0.0,1.6,Other
ME-SEN,1,47.51,47.49,5.0,0.0,
ME-SEN,2,49.61,49.39,0.0,1.0,Other
AK-01,1,46.21,45.79,8.0,0.0,
AK-01,2,49.57,48.83,0.0,1.6,Other
ME-01,1,62.06,32.94,5.0,0.0,
ME-01,2,64.16,34.84,0.0,1.0,Other
ME-02,1,51.44,43.56,5.0,0.0,
ME-02,2,53.54,45.46,0.0,1.0,Other
