race_code,round,dem,rep,other,exhausted,eliminated
AK-GOV,1,41.66,50.34,8.0,0.0,
AK-GOV,2,45.02,53.38,0.0,1.6,Other
AK-SEN,1,45.15,46.85,8.0,0.0,
AK-SEN,2,48.51,49.89,0.0,1.6,Other
ME-SEN,1,48.01,46.99,5.0,0.0,
ME-SEN,2,50.11,48.89,0.0,1.0,Other
AK-01,1,42.11,49.89,8.0,0.0,
AK-01,2,45.71,52.69,0.0,1.6,Other
ME-01,1,61.59,33.41,5.0,0.0,
ME-01,2,63.69,35.31,0.0,1.0,Other
ME-02,1,46.0,49.0,5.0,0.0,
ME-02,2,48.1,50.9,0.0,1.0,Other
