race_code,round,dem,rep,other,exhausted,eliminated
AK-GOV,1,43.11,48.89,8.0,0.0,
AK-GOV,2,46.47,51.93,0.0,1.6,Other
AK-SEN,1,45.09,46.91,8.0,0.0,
AK-SEN,2,48.45,49.95,0.0,1.6,Other
ME-SEN,1,47.27,47.73,5.0,0.0,
ME-SEN,2,49.37,49.63,0.0,1.0,Other
AK-01,1,43.84,48.16,8.0,0.0,
AK-01,2,47.2,51.2,0.0,1.6,Other
ME-01,1,60.97,34.03,5.0,0.0,
ME-01,2,63.07,35.93,0.0,1.0,Other
ME-02,1,49.43,45.57,5.0,0.0,
ME-02,2,51.53,47.47,0.0,1.0,Other
