race_code,round,dem,rep,other,exhausted,eliminated
AK-GOV,1,43.11,48.89,8.0,0.0,
AK-GOV,2,46.47,51.93,0.0,1.6,Other
AK-SEN,1,45.02,46.98,8.0,0.0,
AK-SEN,2,48.38,50.02,0.0,1.6,Other
ME-SEN,1,47.27,47.73,5.0,0.0,
ME-SEN,2,49.37,49.63,0.0,1.0,Other
AK-01,1,43.76,48.24,8.0,0.0,
AK-01,2,47.12,51.28,0.0,1.6,Other
ME-01,1,60.86,34.14,5.0,0.0,
ME-01,2,62.96,36.04,0.0,1.0,Other
ME-02,1,49.35,45.65,5.0,0.0,
ME-02,2,51.45,47.55,0.0,1.0,Other
