race_code,round,dem,rep,other,exhausted,eliminated
AK-GOV,1,42.83,49.17,8.0,0.0,
AK-GOV,2,46.19,52.21,0.0,1.6,Other
AK-SEN,1,44.01,47.99,8.0,0.0,
AK-SEN,2,47.37,51.03,0.0,1.6,Other
ME-SEN,1,45.96,49.04,5.0,0.0,
ME-SEN,2,48.06,50.94,0.0,1.0,Other
AK-01,1,44.12,47.88,8.0,0.0,
AK-01,2,47.48,50.92,0.0,1.6,Other
ME-01,1,59.76,35.24,5.0,0.0,
ME-01,2,61.86,37.14,0.0,1.0,Other
ME-02,1,48.51,46.49,5.0,0.0,
ME-02,2,50.61,48.39,0.0,1.0,Other
