race_code,round,dem,rep,other,exhausted,eliminated
AK-GOV,1,42.83,49.17,8.0,0.0,
AK-GOV,2,46.19,52.21,0.0,1.6,Other
AK-SEN,1,43.92,48.08,8.0,0.0,
AK-SEN,2,47.28,51.12,0.0,1.6,Other
ME-SEN,1,45.96,49.04,5.0,0.0,
ME-SEN,2,48.06,50.94,0.0,1.0,Other
AK-01,1,44.02,47.98,8.0,0.0,
AK-01,2,47.38,51.02,0.0,1.6,Other
ME-01,1,59.72,35.28,5.0,0.0,
ME-01,2,61.82,37.18,0.0,1.0,Other
ME-02,1,48.47,46.53,5.0,0.0,
ME-02,2,50.57,48.43,0.0,1.0,Other
