race_code,round,dem,rep,other,exhausted,eliminated
AK-GOV,1,40.88,51.12,8.0,0.0,
AK-GOV,2,44.24,54.16,0.0,1.6,Other
AK-SEN,1,43.86,48.14,8.0,0.0,
AK-SEN,2,47.22,51.18,0.0,1.6,Other
ME-SEN,1,46.4,48.6,5.0,0.0,
ME-SEN,2,48.5,50.5,0.0,1.0,Other
AK-01,1,41.09,50.91,8.0,0.0,
AK-01,2,44.69,53.71,0.0,1.6,Other
ME-01,1,60.23,34.77,5.0,0.0,
ME-01,2,62.33,36.67,0.0,1.0,Other
ME-02,1,44.56,50.44,5.0,0.0,
ME-02,2,46.66,52.34,0.0,1.0,Other
