race_code,round,dem,rep,other,exhausted,eliminated
AK-GOV,1,41.4,50.6,8.0,0.0,
AK-GOV,2,44.76,53.64,0.0,1.6,Other
AK-SEN,1,43.87,48.13,8.0,0.0,
AK-SEN,2,47.23,51.17,0.0,1.6,Other
ME-SEN,1,46.56,48.44,5.0,0.0,
ME-SEN,2,48.66,50.34,0.0,1.0,Other
AK-01,1,45.29,46.71,8.0,0.0,
AK-01,2,48.65,49.75,0.0,1.6,Other
ME-01,1,60.88,34.12,5.0,0.0,
ME-01,2,62.98,36.02,0.0,1.0,Other
ME-02,1,50.26,44.74,5.0,0.0,
ME-02,2,52.36,46.64,0.0,1.0,Other
