race_code,round,dem,rep,other,exhausted,eliminated
AK-GOV,1,40.87,51.13,8.0,0.0,
AK-GOV,2,44.23,54.17,0.0,1.6,Other
AK-SEN,1,43.93,48.07,8.0,0.0,
AK-SEN,2,47.29,51.11,0.0,1.6,Other
ME-SEN,1,46.47,48.53,5.0,0.0,
ME-SEN,2,48.57,50.43,0.0,1.0,Other
AK-01,1,41.06,50.94,8.0,0.0,
AK-01,2,44.66,53.74,0.0,1.6,Other
ME-01,1,61.11,33.89,5.0,0.0,
ME-01,2,63.21,35.79,0.0,1.0,Other
ME-02,1,44.28,50.72,5.0,0.0,
ME-02,2,46.38,52.62,0.0,1.0,Other
