race_code,round,dem,rep,other,exhausted,eliminated
AK-GOV,1,44.39,47.61,8.0,0.0,
AK-GOV,2,47.75,50.65,0.0,1.6,Other
AK-SEN,1,45.44,46.56,8.0,0.0,
AK-SEN,2,48.8,49.6,0.0,1.6,Other
ME-SEN,1,47.6,47.4,5.0,0.0,
ME-SEN,2,49.7,49.3,0.0,1.0,Other
AK-01,1,44.4,47.6,8.0,0.0,
AK-01,2,47.76,50.64,0.0,1.6,Other
ME-01,1,61.39,33.61,5.0,0.0,
ME-01,2,63.49,35.51,0.0,1.0,Other
ME-02,1,49.76,45.24,5.0,0.0,
ME-02,2,51.86,47.14,0.0,1.0,Other
