race_code,round,dem,rep,other,exhausted,eliminated
AK-GOV,1,41.65,50.35,8.0,0.0,
AK-GOV,2,45.01,53.39,0.0,1.6,Other
AK-SEN,1,44.12,47.88,8.0,0.0,
AK-SEN,2,47.48,50.92,0.0,1.6,Other
ME-SEN,1,46.88,48.12,5.0,0.0,
ME-SEN,2,48.98,50.02,0.0,1.0,Other
AK-01,1,45.59,46.41,8.0,0.0,
AK-01,2,48.95,49.45,0.0,1.6,Other
ME-01,1,61.29,33.71,5.0,0.0,
ME-01,2,63.39,35.61,0.0,1.0,Other
ME-02,1,50.67,44.33,5.0,0.0,
ME-02,2,52.77,46.23,0.0,1.0,Other
