race_code,round,dem,rep,other,exhausted,eliminated
AK-GOV,1,44.35,47.65,8.0,0.0,
AK-GOV,2,47.71,50.69,0.0,1.6,Other
AK-SEN,1,45.16,46.84,8.0,0.0,
AK-SEN,2,48.52,49.88,0.0,1.6,Other
ME-SEN,1,47.32,47.68,5.0,0.0,
ME-SEN,2,49.42,49.58,0.0,1.0,Other
AK-01,1,45.63,46.37,8.0,0.0,
AK-01,2,48.99,49.41,0.0,1.6,Other
ME-01,1,61.34,33.66,5.0,0.0,
ME-01,2,63.44,35.56,0.0,1.0,Other
ME-02,1,49.72,45.28,5.0,0.0,
ME-02,2,51.82,47.18,0.0,1.0,Other
