race_code,round,dem,rep,other,exhausted,eliminated
AK-GOV,1,43.57,48.43,8.0,0.0,
AK-GOV,2,46.93,51.47,0.0,1.6,Other
AK-SEN,1,44.37,47.63,8.0,0.0,
AK-SEN,2,47.73,50.67,0.0,1.6,Other
ME-SEN,1,46.47,48.53,5.0,0.0,
ME-SEN,2,48.57,50.43,0.0,1.0,Other
AK-01,1,44.65,47.35,8.0,0.0,
AK-01,2,48.01,50.39,0.0,1.6,Other
ME-01,1,60.15,34.85,5.0,0.0,
ME-01,2,62.25,36.75,0.0,1.0,Other
ME-02,1,48.76,46.24,5.0,0.0,
ME-02,2,50.86,48.14,0.0,1.0,Other
