race_code,round,dem,rep,other,exhausted,eliminated
AK-GOV,1,43.57,48.43,8.0,0.0,
AK-GOV,2,46.93,51.47,0.0,1.6,Other
AK-SEN,1,44.28,47.72,8.0,0.0,
AK-SEN,2,47.64,50.76,0.0,1.6,Other
ME-SEN,1,46.47,48.53,5.0,0.0,
ME-SEN,2,48.57,50.43,0.0,1.0,Other
AK-01,1,44.51,47.49,8.0,0.0,
AK-01,2,47.87,50.53,0.0,1.6,Other
ME-01,1,60.06,34.94,5.0,0.0,
ME-01,2,62.16,36.84,0.0,1.0,Other
ME-02,1,48.69,46.31,5.0,0.0,
ME-02,2,50.79,48.21,0.0,1.0,Other
