race_code,round,dem,rep,other,exhausted,eliminated
AK-GOV,1,41.08,50.92,8.0,0.0,
AK-GOV,2,44.44,53.96,0.0,1.6,Other
AK-SEN,1,44.0,48.0,8.0,0.0,
AK-SEN,2,47.36,51.04,0.0,1.6,Other
ME-SEN,1,47.27,47.73,5.0,0.0,
ME-SEN,2,49.37,49.63,0.0,1.0,Other
AK-01,1,41.28,50.72,8.0,0.0,
AK-01,2,44.88,53.52,0.0,1.6,Other
ME-01,1,60.69,34.31,5.0,0.0,
ME-01,2,62.79,36.21,0.0,1.0,Other
ME-02,1,45.15,49.85,5.0,0.0,
ME-02,2,47.25,51.75,0.0,1.0,Other
