race_code,round,dem,rep,other,exhausted,eliminated
AK-GOV,1,41.6,50.4,8.0,0.0,
AK-GOV,2,44.96,53.44,0.0,1.6,Other
AK-SEN,1,44.01,47.99,8.0,0.0,
AK-SEN,2,47.37,51.03,0.0,1.6,Other
ME-SEN,1,46.81,48.19,5.0,0.0,
ME-SEN,2,48.91,50.09,0.0,1.0,Other
AK-01,1,45.49,46.51,8.0,0.0,
AK-01,2,48.85,49.55,0.0,1.6,Other
ME-01,1,61.23,33.77,5.0,0.0,
ME-01,2,63.33,35.67,0.0,1.0,Other
ME-02,1,50.61,44.39,5.0,0.0,
ME-02,2,52.71,46.29,0.0,1.0,Other
