race_code,round,dem,rep,other,exhausted,eliminated
AK-GOV,1,44.27,47.73,8.0,0.0,
AK-GOV,2,47.63,50.77,0.0,1.6,Other
AK-SEN,1,45.13,46.87,8.0,0.0,
AK-SEN,2,48.49,49.91,0.0,1.6,Other
ME-SEN,1,47.32,47.68,5.0,0.0,
ME-SEN,2,49.42,49.58,0.0,1.0,Other
AK-01,1,45.56,46.44,8.0,0.0,
AK-01,2,48.92,49.48,0.0,1.6,Other
ME-01,1,61.24,33.76,5.0,0.0,
ME-01,2,63.34,35.66,0.0,1.0,Other
ME-02,1,49.76,45.24,5.0,0.0,
ME-02,2,51.86,47.14,0.0,1.0,Other
