race_code,round,dem,rep,other,exhausted,eliminated
AK-GOV,1,43.5,48.5,8.0,0.0,
AK-GOV,2,46.86,51.54,0.0,1.6,Other
AK-SEN,1,44.28,47.72,8.0,0.0,
AK-SEN,2,47.64,50.76,0.0,1.6,Other
ME-SEN,1,46.39,48.61,5.0,0.0,
ME-SEN,2,48.49,50.51,0.0,1.0,Other
AK-01,1,44.57,47.43,8.0,0.0,
AK-01,2,47.93,50.47,0.0,1.6,Other
ME-01,1,59.98,35.02,5.0,0.0,
ME-01,2,62.08,36.92,0.0,1.0,Other
ME-02,1,48.62,46.38,5.0,0.0,
ME-02,2,50.72,48.28,0.0,1.0,Other
