race_code,round,dem,rep,other,exhausted,eliminated
AK-GOV,1,41.51,50.49,8.0,0.0,
AK-GOV,2,44.87,53.53,0.0,1.6,Other
AK-SEN,1,43.94,48.06,8.0,0.0,
AK-SEN,2,47.3,51.1,0.0,1.6,Other
ME-SEN,1,46.71,48.29,5.0,0.0,
ME-SEN,2,48.81,50.19,0.0,1.0,Other
AK-01,1,45.41,46.59,8.0,0.0,
AK-01,2,48.77,49.63,0.0,1.6,Other
ME-01,1,61.12,33.88,5.0,0.0,
ME-01,2,63.22,35.78,0.0,1.0,Other
ME-02,1,50.5,44.5,5.0,0.0,
ME-02,2,52.6,46.4,0.0,1.0,Other
