race_code,round,dem,rep,other,exhausted,eliminated
AK-GOV,1,43.5,48.5,8.0,0.0,
AK-GOV,2,46.86,51.54,0.0,1.6,Other
AK-SEN,1,44.21,47.79,8.0,0.0,
AK-SEN,2,47.57,50.83,0.0,1.6,Other
ME-SEN,1,46.39,48.61,5.0,0.0,
ME-SEN,2,48.49,50.51,0.0,1.0,Other
AK-01,1,44.5,47.5,8.0,0.0,
AK-01,2,47.86,50.54,0.0,1.6,Other
ME-01,1,59.99,35.01,5.0,0.0,
ME-01,2,62.09,36.91,0.0,1.0,Other
ME-02,1,48.63,46.37,5.0,0.0,
ME-02,2,50.73,48.27,0.0,1.0,Other
