race_code,round,dem,rep,other,exhausted,eliminated
AK-GOV,1,40.98,51.02,8.0,0.0,
AK-GOV,2,44.34,54.06,0.0,1.6,Other
AK-SEN,1,44.02,47.98,8.0,0.0,
AK-SEN,2,47.38,51.02,0.0,1.6,Other
ME-SEN,1,47.16,47.84,5.0,0.0,
ME-SEN,2,49.26,49.74,0.0,1.0,Other
AK-01,1,41.2,50.8,8.0,0.0,
AK-01,2,44.8,53.6,0.0,1.6,Other
ME-01,1,61.37,33.63,5.0,0.0,
ME-01,2,63.47,35.53,0.0,1.0,Other
ME-02,1,44.7,50.3,5.0,0.0,
ME-02,2,46.8,52.2,0.0,1.0,Other
