race_code,round,dem,rep,other,exhausted,eliminated
AK-GOV,1,43.56,48.44,8.0,0.0,
AK-GOV,2,46.92,51.48,0.0,1.6,Other
AK-SEN,1,44.58,47.42,8.0,0.0,
AK-SEN,2,47.94,50.46,0.0,1.6,Other
ME-SEN,1,46.46,48.54,5.0,0.0,
ME-SEN,2,48.56,50.44,0.0,1.0,Other
AK-01,1,43.42,48.58,8.0,0.0,
AK-01,2,46.78,51.62,0.0,1.6,Other
ME-01,1,60.06,34.94,5.0,0.0,
ME-01,2,62.16,36.84,0.0,1.0,Other
ME-02,1,48.68,46.32,5.0,0.0,
ME-02,2,50.78,48.22,0.0,1.0,Other
