race_code,round,dem,rep,other,exhausted,eliminated
AK-GOV,1,41.08,50.92,8.0,0.0,
AK-GOV,2,44.44,53.96,0.0,1.6,Other
AK-SEN,1,44.45,47.55,8.0,0.0,
AK-SEN,2,47.81,50.59,0.0,1.6,Other
ME-SEN,1,47.27,47.73,5.0,0.0,
ME-SEN,2,49.37,49.63,0.0,1.0,Other
AK-01,1,41.47,50.53,8.0,0.0,
AK-01,2,45.07,53.33,0.0,1.6,Other
ME-01,1,60.78,34.22,5.0,0.0,
ME-01,2,62.88,36.12,0.0,1.0,Other
ME-02,1,45.23,49.77,5.0,0.0,
ME-02,2,47.33,51.67,0.0,1.0,Other
