race_code,round,dem,rep,other,exhausted,eliminated
AK-GOV,1,43.56,48.44,8.0,0.0,
AK-GOV,2,46.92,51.48,0.0,1.6,Other
AK-SEN,1,44.55,47.45,8.0,0.0,
AK-SEN,2,47.91,50.49,0.0,1.6,Other
ME-SEN,1,46.46,48.54,5.0,0.0,
ME-SEN,2,48.56,50.44,0.0,1.0,Other
AK-01,1,43.37,48.63,8.0,0.0,
AK-01,2,46.73,51.67,0.0,1.6,Other
ME-01,1,60.07,34.93,5.0,0.0,
ME-01,2,62.17,36.83,0.0,1.0,Other
ME-02,1,48.69,46.31,5.0,0.0,
ME-02,2,50.79,48.21,0.0,1.0,Other
