race_code,round,dem,rep,other,exhausted,eliminated
AK-GOV,1,41.59,50.41,8.0,0.0,
AK-GOV,2,44.95,53.45,0.0,1.6,Other
AK-SEN,1,44.12,47.88,8.0,0.0,
AK-SEN,2,47.48,50.92,0.0,1.6,Other
ME-SEN,1,46.8,48.2,5.0,0.0,
ME-SEN,2,48.9,50.1,0.0,1.0,Other
AK-01,1,45.56,46.44,8.0,0.0,
AK-01,2,48.92,49.48,0.0,1.6,Other
ME-01,1,61.15,33.85,5.0,0.0,
ME-01,2,63.25,35.75,0.0,1.0,Other
ME-02,1,50.53,44.47,5.0,0.0,
ME-02,2,52.63,46.37,0.0,1.0,Other
