race_code,round,dem,rep,other,exhausted,eliminated
AK-GOV,1,44.35,47.65,8.0,0.0,
AK-GOV,2,47.71,50.69,0.0,1.6,Other
AK-SEN,1,45.39,46.61,8.0,0.0,
AK-SEN,2,48.75,49.65,0.0,1.6,Other
ME-SEN,1,47.31,47.69,5.0,0.0,
ME-SEN,2,49.41,49.59,0.0,1.0,Other
AK-01,1,44.37,47.63,8.0,0.0,
AK-01,2,47.73,50.67,0.0,1.6,Other
ME-01,1,61.3,33.7,5.0,0.0,
ME-01,2,63.4,35.6,0.0,1.0,Other
ME-02,1,49.69,45.31,5.0,0.0,
ME-02,2,51.79,47.21,0.0,1.0,Other
