race_code,round,dem,rep,other,exhausted,eliminated
AK-GOV,1,41.45,50.55,8.0,0.0,
AK-GOV,2,44.81,53.59,0.0,1.6,Other
AK-SEN,1,43.92,48.08,8.0,0.0,
AK-SEN,2,47.28,51.12,0.0,1.6,Other
ME-SEN,1,46.62,48.38,5.0,0.0,
ME-SEN,2,48.72,50.28,0.0,1.0,Other
AK-01,1,45.34,46.66,8.0,0.0,
AK-01,2,48.7,49.7,0.0,1.6,Other
ME-01,1,60.97,34.03,5.0,0.0,
ME-01,2,63.07,35.93,0.0,1.0,Other
ME-02,1,50.35,44.65,5.0,0.0,
ME-02,2,52.45,46.55,0.0,1.0,Other
