race_code,round,dem,rep,other,exhausted,eliminated
AK-GOV,1,43.67,48.33,8.0,0.0,
AK-GOV,2,47.03,51.37,0.0,1.6,Other
AK-SEN,1,44.98,47.02,8.0,0.0,
AK-SEN,2,48.34,50.06,0.0,1.6,Other
ME-SEN,1,46.86,48.14,5.0,0.0,
ME-SEN,2,48.96,50.04,0.0,1.0,Other
AK-01,1,45.23,46.77,8.0,0.0,
AK-01,2,48.59,49.81,0.0,1.6,Other
ME-01,1,61.01,33.99,5.0,0.0,
ME-01,2,63.11,35.89,0.0,1.0,Other
ME-02,1,49.56,45.44,5.0,0.0,
ME-02,2,51.66,47.34,0.0,1.0,Other
