race_code,round,dem,rep,other,exhausted,eliminated
AK-GOV,1,40.91,51.09,8.0,0.0,
AK-GOV,2,44.27,54.13,0.0,1.6,Other
AK-SEN,1,43.81,48.19,8.0,0.0,
AK-SEN,2,47.17,51.23,0.0,1.6,Other
ME-SEN,1,46.47,48.53,5.0,0.0,
ME-SEN,2,48.57,50.43,0.0,1.0,Other
AK-01,1,41.1,50.9,8.0,0.0,
AK-01,2,44.7,53.7,0.0,1.6,Other
ME-01,1,60.32,34.68,5.0,0.0,
ME-01,2,62.42,36.58,0.0,1.0,Other
ME-02,1,44.64,50.36,5.0,0.0,
ME-02,2,46.74,52.26,0.0,1.0,Other
