race_code,round,dem,rep,other,exhausted,eliminated
AK-GOV,1,40.91,51.09,8.0,0.0,
AK-GOV,2,44.27,54.13,0.0,1.6,Other
AK-SEN,1,43.94,48.06,8.0,0.0,
AK-SEN,2,47.3,51.1,0.0,1.6,Other
ME-SEN,1,46.55,48.45,5.0,0.0,
ME-SEN,2,48.65,50.35,0.0,1.0,Other
AK-01,1,41.14,50.86,8.0,0.0,
AK-01,2,44.74,53.66,0.0,1.6,Other
ME-01,1,61.19,33.81,5.0,0.0,
ME-01,2,63.29,35.71,0.0,1.0,Other
ME-02,1,44.35,50.65,5.0,0.0,
ME-02,2,46.45,52.55,0.0,1.0,Other
