race_code,round,dem,rep,other,exhausted,eliminated
AK-GOV,1,42.75,49.25,8.0,0.0,
AK-GOV,2,46.11,52.29,0.0,1.6,Other
AK-SEN,1,44.72,47.28,8.0,0.0,
AK-SEN,2,48.08,50.32,0.0,1.6,Other
ME-SEN,1,46.81,48.19,5.0,0.0,
ME-SEN,2,48.91,50.09,0.0,1.0,Other
AK-01,1,43.4,48.6,8.0,0.0,
AK-01,2,46.76,51.64,0.0,1.6,Other
ME-01,1,60.27,34.73,5.0,0.0,
ME-01,2,62.37,36.63,0.0,1.0,Other
ME-02,1,48.85,46.15,5.0,0.0,
ME-02,2,50.95,48.05,0.0,1.0,Other
