race_code,round,dem,rep,other,exhausted,eliminated
AK-GOV,1,43.52,48.48,8.0,0.0,
AK-GOV,2,46.88,51.52,0.0,1.6,Other
AK-SEN,1,45.51,46.49,8.0,0.0,
AK-SEN,2,48.87,49.53,0.0,1.6,Other
ME-SEN,1,47.65,47.35,5.0,0.0,
ME-SEN,2,49.75,49.25,0.0,1.0,Other
AK-01,1,44.35,47.65,8.0,0.0,
AK-01,2,47.71,50.69,0.0,1.6,Other
ME-01,1,61.6,33.4,5.0,0.0,
ME-01,2,63.7,35.3,0.0,1.0,Other
ME-02,1,49.92,45.08,5.0,0.0,
ME-02,2,52.02,46.98,0.0,1.0,Other
