race_code,round,dem,rep,other,exhausted,eliminated
AK-GOV,1,42.75,49.25,8.0,0.0,
AK-GOV,2,46.11,52.29,0.0,1.6,Other
AK-SEN,1,44.67,47.33,8.0,0.0,
AK-SEN,2,48.03,50.37,0.0,1.6,Other
ME-SEN,1,46.81,48.19,5.0,0.0,
ME-SEN,2,48.91,50.09,0.0,1.0,Other
AK-01,1,43.38,48.62,8.0,0.0,
AK-01,2,46.74,51.66,0.0,1.6,Other
ME-01,1,60.29,34.71,5.0,0.0,
ME-01,2,62.39,36.61,0.0,1.0,Other
ME-02,1,48.86,46.14,5.0,0.0,
ME-02,2,50.96,48.04,0.0,1.0,Other
