race_code,round,dem,rep,other,exhausted,eliminated
AK-GOV,1,41.21,50.79,8.0,0.0,
AK-GOV,2,44.57,53.83,0.0,1.6,Other
AK-SEN,1,44.77,47.23,8.0,0.0,
AK-SEN,2,48.13,50.27,0.0,1.6,Other
ME-SEN,1,47.62,47.38,5.0,0.0,
ME-SEN,2,49.72,49.28,0.0,1.0,Other
AK-01,1,41.55,50.45,8.0,0.0,
AK-01,2,45.15,53.25,0.0,1.6,Other
ME-01,1,60.99,34.01,5.0,0.0,
ME-01,2,63.09,35.91,0.0,1.0,Other
ME-02,1,45.41,49.59,5.0,0.0,
ME-02,2,47.51,51.49,0.0,1.0,Other
