race_code,round,dem,rep,other,exhausted,eliminated
AK-GOV,1,42.82,49.18,8.0,0.0,
AK-GOV,2,46.18,52.22,0.0,1.6,Other
AK-SEN,1,43.94,48.06,8.0,0.0,
AK-SEN,2,47.3,51.1,0.0,1.6,Other
ME-SEN,1,45.96,49.04,5.0,0.0,
ME-SEN,2,48.06,50.94,0.0,1.0,Other
AK-01,1,44.06,47.94,8.0,0.0,
AK-01,2,47.42,50.98,0.0,1.6,Other
ME-01,1,59.7,35.3,5.0,0.0,
ME-01,2,61.8,37.2,0.0,1.0,Other
ME-02,1,48.46,46.54,5.0,0.0,
ME-02,2,50.56,48.44,0.0,1.0,Other
