race_code,round,dem,rep,other,exhausted,eliminated
AK-GOV,1,40.88,51.12,8.0,0.0,
AK-GOV,2,44.24,54.16,0.0,1.6,Other
AK-SEN,1,43.89,48.11,8.0,0.0,
AK-SEN,2,47.25,51.15,0.0,1.6,Other
ME-SEN,1,46.4,48.6,5.0,0.0,
ME-SEN,2,48.5,50.5,0.0,1.0,Other
AK-01,1,41.14,50.86,8.0,0.0,
AK-01,2,44.74,53.66,0.0,1.6,Other
ME-01,1,60.34,34.66,5.0,0.0,
ME-01,2,62.44,36.56,0.0,1.0,Other
ME-02,1,44.66,50.34,5.0,0.0,
ME-02,2,46.76,52.24,0.0,1.0,Other
