race_code,round,dem,rep,other,exhausted,eliminated
AK-GOV,1,41.44,50.56,8.0,0.0,
AK-GOV,2,44.8,53.6,0.0,1.6,Other
AK-SEN,1,43.83,48.17,8.0,0.0,
AK-SEN,2,47.19,51.21,0.0,1.6,Other
ME-SEN,1,46.61,48.39,5.0,0.0,
ME-SEN,2,48.71,50.29,0.0,1.0,Other
AK-01,1,45.27,46.73,8.0,0.0,
AK-01,2,48.63,49.77,0.0,1.6,Other
ME-01,1,60.98,34.02,5.0,0.0,
ME-01,2,63.08,35.92,0.0,1.0,Other
ME-02,1,50.36,44.64,5.0,0.0,
ME-02,2,52.46,46.54,0.0,1.0,Other
