race_code,round,dem,rep,other,exhausted,eliminated
AK-GOV,1,40.9,51.1,8.0,0.0,
AK-GOV,2,44.26,54.14,0.0,1.6,Other
AK-SEN,1,43.96,48.04,8.0,0.0,
AK-SEN,2,47.32,51.08,0.0,1.6,Other
ME-SEN,1,46.54,48.46,5.0,0.0,
ME-SEN,2,48.64,50.36,0.0,1.0,Other
AK-01,1,41.16,50.84,8.0,0.0,
AK-01,2,44.76,53.64,0.0,1.6,Other
ME-01,1,61.14,33.86,5.0,0.0,
ME-01,2,63.24,35.76,0.0,1.0,Other
ME-02,1,44.3,50.7,5.0,0.0,
ME-02,2,46.4,52.6,0.0,1.0,Other
