race_code,round,dem,rep,other,exhausted,eliminated
AK-GOV,1,40.9,51.1,8.0,0.0,
AK-GOV,2,44.26,54.14,0.0,1.6,Other
AK-SEN,1,43.89,48.11,8.0,0.0,
AK-SEN,2,47.25,51.15,0.0,1.6,Other
ME-SEN,1,46.54,48.46,5.0,0.0,
ME-SEN,2,48.64,50.36,0.0,1.0,Other
AK-01,1,41.05,50.95,8.0,0.0,
AK-01,2,44.65,53.75,0.0,1.6,Other
ME-01,1,61.16,33.84,5.0,0.0,
ME-01,2,63.26,35.74,0.0,1.0,Other
ME-02,1,43.3,51.7,5.0,0.0,
ME-02,2,45.4,53.6,0.0,1.0,Other
