race_code,round,dem,rep,other,exhausted,eliminated
AK-GOV,1,42.85,49.15,8.0,0.0,
AK-GOV,2,46.21,52.19,0.0,1.6,Other
AK-SEN,1,44.07,47.93,8.0,0.0,
AK-SEN,2,47.43,50.97,0.0,1.6,Other
ME-SEN,1,45.96,49.04,5.0,0.0,
ME-SEN,2,48.06,50.94,0.0,1.0,Other
AK-01,1,44.16,47.84,8.0,0.0,
AK-01,2,47.52,50.88,0.0,1.6,Other
ME-01,1,59.83,35.17,5.0,0.0,
ME-01,2,61.93,37.07,0.0,1.0,Other
ME-02,1,48.56,46.44,5.0,0.0,
ME-02,2,50.66,48.34,0.0,1.0,Other
