race_code,round,dem,rep,other,exhausted,eliminated
AK-GOV,1,40.9,51.1,8.0,0.0,
AK-GOV,2,44.26,54.14,0.0,1.6,Other
AK-SEN,1,43.97,48.03,8.0,0.0,
AK-SEN,2,47.33,51.07,0.0,1.6,Other
ME-SEN,1,46.46,48.54,5.0,0.0,
ME-SEN,2,48.56,50.44,0.0,1.0,Other
AK-01,1,41.17,50.83,8.0,0.0,
AK-01,2,44.77,53.63,0.0,1.6,Other
ME-01,1,60.39,34.61,5.0,0.0,
ME-01,2,62.49,36.51,0.0,1.0,Other
ME-02,1,44.7,50.3,5.0,0.0,
ME-02,2,46.8,52.2,0.0,1.0,Other
