race_code,round,dem,rep,other,exhausted,eliminated
AK-GOV,1,41.45,50.55,8.0,0.0,
AK-GOV,2,44.81,53.59,0.0,1.6,Other
AK-SEN,1,43.91,48.09,8.0,0.0,
AK-SEN,2,47.27,51.13,0.0,1.6,Other
ME-SEN,1,46.63,48.37,5.0,0.0,
ME-SEN,2,48.73,50.27,0.0,1.0,Other
AK-01,1,45.34,46.66,8.0,0.0,
AK-01,2,48.7,49.7,0.0,1.6,Other
ME-01,1,61.04,33.96,5.0,0.0,
ME-01,2,63.14,35.86,0.0,1.0,Other
ME-02,1,50.42,44.58,5.0,0.0,
ME-02,2,52.52,46.48,0.0,1.0,Other
