race_code,round,dem,rep,other,exhausted,eliminated
AK-GOV,1,44.24,47.76,8.0,0.0,
AK-GOV,2,47.6,50.8,0.0,1.6,Other
AK-SEN,1,44.99,47.01,8.0,0.0,
AK-SEN,2,48.35,50.05,0.0,1.6,Other
ME-SEN,1,46.86,48.14,5.0,0.0,
ME-SEN,2,48.96,50.04,0.0,1.0,Other
AK-01,1,45.39,46.61,8.0,0.0,
AK-01,2,48.75,49.65,0.0,1.6,Other
ME-01,1,61.09,33.91,5.0,0.0,
ME-01,2,63.19,35.81,0.0,1.0,Other
ME-02,1,49.62,45.38,5.0,0.0,
ME-02,2,51.72,47.28,0.0,1.0,Other
