race_code,round,dem,rep,other,exhausted,eliminated
AK-GOV,1,40.92,51.08,8.0,0.0,
AK-GOV,2,44.28,54.12,0.0,1.6,Other
AK-SEN,1,43.82,48.18,8.0,0.0,
AK-SEN,2,47.18,51.22,0.0,1.6,Other
ME-SEN,1,46.49,48.51,5.0,0.0,
ME-SEN,2,48.59,50.41,0.0,1.0,Other
AK-01,1,41.08,50.92,8.0,0.0,
AK-01,2,44.68,53.72,0.0,1.6,Other
ME-01,1,60.43,34.57,5.0,0.0,
ME-01,2,62.53,36.47,0.0,1.0,Other
ME-02,1,44.73,50.27,5.0,0.0,
ME-02,2,46.83,52.17,0.0,1.0,Other
