race_code,round,dem,rep,other,exhausted,eliminated
AK-GOV,1,43.45,48.55,8.0,0.0,
AK-GOV,2,46.81,51.59,0.0,1.6,Other
AK-SEN,1,44.14,47.86,8.0,0.0,
AK-SEN,2,47.5,50.9,0.0,1.6,Other
ME-SEN,1,45.98,49.02,5.0,0.0,
ME-SEN,2,48.08,50.92,0.0,1.0,Other
AK-01,1,44.36,47.64,8.0,0.0,
AK-01,2,47.72,50.68,0.0,1.6,Other
ME-01,1,59.82,35.18,5.0,0.0,
ME-01,2,61.92,37.08,0.0,1.0,Other
ME-02,1,48.55,46.45,5.0,0.0,
ME-02,2,50.65,48.35,0.0,1.0,Other
