race_code,round,dem,rep,other,exhausted,eliminated
AK-GOV,1,41.1,50.9,8.0,0.0,
AK-GOV,2,44.46,53.94,0.0,1.6,Other
AK-SEN,1,44.49,47.51,8.0,0.0,
AK-SEN,2,47.85,50.55,0.0,1.6,Other
ME-SEN,1,47.48,47.52,5.0,0.0,
ME-SEN,2,49.58,49.42,0.0,1.0,Other
AK-01,1,41.39,50.61,8.0,0.0,
AK-01,2,44.99,53.41,0.0,1.6,Other
ME-01,1,61.59,33.41,5.0,0.0,
ME-01,2,63.69,35.31,0.0,1.0,Other
ME-02,1,44.89,50.11,5.0,0.0,
ME-02,2,46.99,52.01,0.0,1.0,Other
