race_code,round,dem,rep,other,exhausted,eliminated
AK-GOV,1,41.62,50.38,8.0,0.0,
AK-GOV,2,44.98,53.42,0.0,1.6,Other
AK-SEN,1,44.1,47.9,8.0,0.0,
AK-SEN,2,47.46,50.94,0.0,1.6,Other
ME-SEN,1,46.85,48.15,5.0,0.0,
ME-SEN,2,48.95,50.05,0.0,1.0,Other
AK-01,1,45.58,46.42,8.0,0.0,
AK-01,2,48.94,49.46,0.0,1.6,Other
ME-01,1,61.27,33.73,5.0,0.0,
ME-01,2,63.37,35.63,0.0,1.0,Other
ME-02,1,50.65,44.35,5.0,0.0,
ME-02,2,52.75,46.25,0.0,1.0,Other
