race_code,round,dem,rep,other,exhausted,eliminated
AK-GOV,1,43.59,48.41,8.0,0.0,
AK-GOV,2,46.95,51.45,0.0,1.6,Other
AK-SEN,1,44.61,47.39,8.0,0.0,
AK-SEN,2,47.97,50.43,0.0,1.6,Other
ME-SEN,1,46.75,48.25,5.0,0.0,
ME-SEN,2,48.85,50.15,0.0,1.0,Other
AK-01,1,43.41,48.59,8.0,0.0,
AK-01,2,46.77,51.63,0.0,1.6,Other
ME-01,1,60.13,34.87,5.0,0.0,
ME-01,2,62.23,36.77,0.0,1.0,Other
ME-02,1,48.74,46.26,5.0,0.0,
ME-02,2,50.84,48.16,0.0,1.0,Other
