race_code,round,dem,rep,other,exhausted,eliminated
AK-GOV,1,43.59,48.41,8.0,0.0,
AK-GOV,2,46.95,51.45,0.0,1.6,Other
AK-SEN,1,44.56,47.44,8.0,0.0,
AK-SEN,2,47.92,50.48,0.0,1.6,Other
ME-SEN,1,46.75,48.25,5.0,0.0,
ME-SEN,2,48.85,50.15,0.0,1.0,Other
AK-01,1,43.35,48.65,8.0,0.0,
AK-01,2,46.71,51.69,0.0,1.6,Other
ME-01,1,60.18,34.82,5.0,0.0,
ME-01,2,62.28,36.72,0.0,1.0,Other
ME-02,1,48.77,46.23,5.0,0.0,
ME-02,2,50.87,48.13,0.0,1.0,Other
