race_code,round,dem,rep,other,exhausted,eliminated
AK-GOV,1,41.07,50.93,8.0,0.0,
AK-GOV,2,44.43,53.97,0.0,1.6,Other
AK-SEN,1,44.19,47.81,8.0,0.0,
AK-SEN,2,47.55,50.85,0.0,1.6,Other
ME-SEN,1,47.34,47.66,5.0,0.0,
ME-SEN,2,49.44,49.56,0.0,1.0,Other
AK-01,1,41.41,50.59,8.0,0.0,
AK-01,2,45.01,53.39,0.0,1.6,Other
ME-01,1,61.56,33.44,5.0,0.0,
ME-01,2,63.66,35.34,0.0,1.0,Other
ME-02,1,44.86,50.14,5.0,0.0,
ME-02,2,46.96,52.04,0.0,1.0,Other
