race_code,round,dem,rep,other,exhausted,eliminated
AK-GOV,1,43.56,48.44,8.0,0.0,
AK-GOV,2,46.92,51.48,0.0,1.6,Other
AK-SEN,1,44.29,47.71,8.0,0.0,
AK-SEN,2,47.65,50.75,0.0,1.6,Other
ME-SEN,1,46.47,48.53,5.0,0.0,
ME-SEN,2,48.57,50.43,0.0,1.0,Other
AK-01,1,43.36,48.64,8.0,0.0,
AK-01,2,46.72,51.68,0.0,1.6,Other
ME-01,1,60.04,34.96,5.0,0.0,
ME-01,2,62.14,36.86,0.0,1.0,Other
ME-02,1,48.67,46.33,5.0,0.0,
ME-02,2,50.77,48.23,0.0,1.0,Other
