race_code,round,dem,rep,other,exhausted,eliminated
AK-GOV,1,44.35,47.65,8.0,0.0,
AK-GOV,2,47.71,50.69,0.0,1.6,Other
AK-SEN,1,45.19,46.81,8.0,0.0,
AK-SEN,2,48.55,49.85,0.0,1.6,Other
ME-SEN,1,47.32,47.68,5.0,0.0,
ME-SEN,2,49.42,49.58,0.0,1.0,Other
AK-01,1,44.37,47.63,8.0,0.0,
AK-01,2,47.73,50.67,0.0,1.6,Other
ME-01,1,61.38,33.62,5.0,0.0,
ME-01,2,63.48,35.52,0.0,1.0,Other
ME-02,1,49.75,45.25,5.0,0.0,
ME-02,2,51.85,47.15,0.0,1.0,Other
