race_code,round,dem,rep,other,exhausted,eliminated
AK-GOV,1,41.08,50.92,8.0,0.0,
AK-GOV,2,44.44,53.96,0.0,1.6,Other
AK-SEN,1,44.07,47.93,8.0,0.0,
AK-SEN,2,47.43,50.97,0.0,1.6,Other
ME-SEN,1,47.27,47.73,5.0,0.0,
ME-SEN,2,49.37,49.63,0.0,1.0,Other
AK-01,1,41.4,50.6,8.0,0.0,
AK-01,2,45.0,53.4,0.0,1.6,Other
ME-01,1,60.81,34.19,5.0,0.0,
ME-01,2,62.91,36.09,0.0,1.0,Other
ME-02,1,45.25,49.75,5.0,0.0,
ME-02,2,47.35,51.65,0.0,1.0,Other
