race_code,round,dem,rep,other,exhausted,eliminated
AK-GOV,1,41.47,50.53,8.0,0.0,
AK-GOV,2,44.83,53.57,0.0,1.6,Other
AK-SEN,1,43.94,48.06,8.0,0.0,
AK-SEN,2,47.3,51.1,0.0,1.6,Other
ME-SEN,1,46.65,48.35,5.0,0.0,
ME-SEN,2,48.75,50.25,0.0,1.0,Other
AK-01,1,45.36,46.64,8.0,0.0,
AK-01,2,48.72,49.68,0.0,1.6,Other
ME-01,1,61.04,33.96,5.0,0.0,
ME-01,2,63.14,35.86,0.0,1.0,Other
ME-02,1,50.42,44.58,5.0,0.0,
ME-02,2,52.52,46.48,0.0,1.0,Other
