race_code,round,dem,rep,other,exhausted,eliminated
AK-GOV,1,40.93,51.07,8.0,0.0,
AK-GOV,2,44.29,54.11,0.0,1.6,Other
AK-SEN,1,43.92,48.08,8.0,0.0,
AK-SEN,2,47.28,51.12,0.0,1.6,Other
ME-SEN,1,46.45,48.55,5.0,0.0,
ME-SEN,2,48.55,50.45,0.0,1.0,Other
AK-01,1,41.16,50.84,8.0,0.0,
AK-01,2,44.76,53.64,0.0,1.6,Other
ME-01,1,60.38,34.62,5.0,0.0,
ME-01,2,62.48,36.52,0.0,1.0,Other
ME-02,1,44.69,50.31,5.0,0.0,
ME-02,2,46.79,52.21,0.0,1.0,Other
