race_code,round,dem,rep,other,exhausted,eliminated
AK-GOV,1,43.68,48.32,8.0,0.0,
AK-GOV,2,47.04,51.36,0.0,1.6,Other
AK-SEN,1,44.98,47.02,8.0,0.0,
AK-SEN,2,48.34,50.06,0.0,1.6,Other
ME-SEN,1,46.93,48.07,5.0,0.0,
ME-SEN,2,49.03,49.97,0.0,1.0,Other
AK-01,1,45.27,46.73,8.0,0.0,
AK-01,2,48.63,49.77,0.0,1.6,Other
ME-01,1,61.09,33.91,5.0,0.0,
ME-01,2,63.19,35.81,0.0,1.0,Other
ME-02,1,49.62,45.38,5.0,0.0,
ME-02,2,51.72,47.28,0.0,1.0,Other
